1902
-4.25, -2.5, -1.5, 
-4.25, -2.5, -1, 
-4.25, -2.5, -0.5, 
-4.5, -2.25, -0.5, 
-4.25, -2.5, 0, 
-4.5, -2.25, 0, 
-4.25, -2.5, 0.5, 
-4.5, -2.25, 0.5, 
-4.25, -2.5, 1, 
-4.25, -2.5, 1.5, 
-4.25, -2, -2, 
-4.25, -2, -1.5, 
-4.5, -1.75, -1.5, 
-4.25, -2, -1, 
-4.5, -1.75, -1, 
-4.5, -2, -0.75, 
-4.5, -2, 0.75, 
-4.25, -2, 1, 
-4.5, -1.75, 1, 
-4.25, -2, 1.5, 
-4.5, -1.75, 1.5, 
-4.25, -2, 2, 
-3.75, -3.5, -0.5, 
-3.75, -3.5, 0, 
-4, -3.25, 0, 
-3.75, -3.5, 0.5, 
-3.75, -3, -1.5, 
-4, -2.75, -1.5, 
-3.75, -3, -1, 
-4, -2.75, -1, 
-3.75, -3, -0.5, 
-4, -2.75, -0.5, 
-4, -3, -0.25, 
-4, -3, 0.25, 
-3.75, -3, 0.5, 
-4, -2.75, 0.5, 
-3.75, -3, 1, 
-4, -2.75, 1, 
-3.75, -3, 1.5, 
-4, -2.75, 1.5, 
-3.75, -2.5, -2.5, 
-3.75, -2.5, -2, 
-4, -2.25, -2, 
-4, -2.5, -1.75, 
-4, -2.5, 1.75, 
-3.75, -2.5, 2, 
-4, -2.25, 2, 
-3.75, -2.5, 2.5, 
-3.75, -2, -2.5, 
-4, -1.75, -2.5, 
-4, -2, -2.25, 
-4, -2, 2.25, 
-3.75, -2, 2.5, 
-4, -1.75, 2.5, 
-3.75, -1.5, -3, 
-4, -1.5, -2.75, 
-3.75, 0.5, 3, 
-3.75, 2, -2.5, 
-4, 2, -2.25, 
-4, 2.25, -2, 
-4, 2.25, 2, 
-4, 2, 2.25, 
-3.75, 2, 2.5, 
-3.75, 2.5, -2.5, 
-3.75, 2.5, -2, 
-4, 2.5, -1.75, 
-4, 2.75, -1.5, 
-4, 2.75, -1, 
-4, 2.75, -0.5, 
-4, 2.75, 0.5, 
-4, 2.75, 1, 
-4, 2.75, 1.5, 
-4, 2.5, 1.75, 
-3.75, 2.5, 2, 
-3.75, 2.5, 2.5, 
-3.75, 3, -1.5, 
-3.75, 3, -1, 
-3.75, 3, -0.5, 
-4, 3, -0.25, 
-4, 3.25, 0, 
-4, 3, 0.25, 
-3.75, 3, 0.5, 
-3.75, 3, 1, 
-3.75, 3, 1.5, 
-3.75, 3.5, -0.5, 
-3.75, 3.5, 0, 
-3.75, 3.5, 0.5, 
-4.75, -2, -0.5, 
-4.75, -2, 0, 
-4.75, -2, 0.5, 
-4.75, -1.5, -1.5, 
-4.75, -1.5, -1, 
-4.75, -1.5, -0.5, 
-4.75, -1.5, 0, 
-4.75, -1.5, 0.5, 
-4.75, -1.5, 1, 
-4.75, -1.5, 1.5, 
-4.75, -1, -1.5, 
-4.75, -1, -1, 
-3.5, -0.5, 3.75, 
-5.25, 0, 0, 
-4.75, -1, -0.5, 
-4.75, -1, 0, 
-4.75, -1, 0.5, 
-4.75, -1, 1, 
-4.75, -1, 1.5, 
-4.75, -0.5, -2, 
-4.75, -0.5, -1.5, 
-4.75, -0.5, -1, 
-4.75, -0.5, -0.5, 
-4.75, -0.5, 0, 
-5, -0.25, 0, 
-4.75, -0.5, 0.5, 
-4.75, -0.5, 1, 
-4.75, -0.5, 1.5, 
-4.75, -0.5, 2, 
-4.75, 0.5, -2, 
-4.75, 0.5, -1.5, 
-4.75, 0.5, -1, 
-4.75, 0.5, -0.5, 
-4.75, 0.5, 0, 
-4.75, 0.5, 0.5, 
-4.75, 0.5, 1, 
-4.75, 0.5, 1.5, 
-4.75, 0.5, 2, 
-4.75, 1, -1.5, 
-4.75, 1, -1, 
-4.75, 1, -0.5, 
-4.75, 1, 0, 
-4.75, 1, 0.5, 
-4.75, 1, 1, 
-4.75, 1, 1.5, 
-4.75, 1.5, -1.5, 
-4.75, 1.5, -1, 
-4.75, 1.5, -0.5, 
-4.75, 1.5, 0, 
-4.75, 1.5, 0.5, 
-4.75, 1.5, 1, 
-4.75, 1.5, 1.5, 
-4.75, 2, -0.5, 
-4.75, 2, 0, 
-4.75, 2, 0.5, 
-4.75, 0, -2, 
-4.75, 0, -1.5, 
-4.75, 0, -1, 
-4.75, 0, -0.5, 
-5, 0, -0.25, 
-5, 0.25, 0, 
-5, 0, 0.25, 
-4.75, 0, 0.5, 
-4.75, 0, 1, 
-4.75, 0, 1.5, 
-4.75, 0, 2, 
-4.25, -3, 0, 
-3.75, 0.5, 3.5, 
-3.75, 1.5, -3, 
-4, 1.5, -2.75, 
-4, 1.75, -2.5, 
-4, 1.75, 2.5, 
-4, 1.5, 2.75, 
-3.75, 1.5, 3, 
-3.5, -0.5, -3.75, 
-3.25, 4, 0, 
2, -4.75, -0.5, 
2, -4.75, 0, 
2, -4.75, 0.5, 
2, -4.25, -2, 
2, -4.25, -1.5, 
2, -4.25, -1, 
2, -4.5, -0.75, 
2.25, -4.5, -0.5, 
2.25, -4.5, 0, 
2.25, -4.5, 0.5, 
2, -4.5, 0.75, 
2, -4.25, 1, 
2, -4.25, 1.5, 
2, -4.25, 2, 
2, -3.75, -2.5, 
2, -4, -2.25, 
2.25, -4, -2, 
2.25, -4, 2, 
2, -4, 2.25, 
2, -3.75, 2.5, 
2, -3.25, -3, 
2, -3.5, -2.75, 
2, -3.5, 2.75, 
2, -3.25, 3, 
2, -2.75, -3.5, 
2, -3, -3.25, 
2, -3, 3.25, 
2, -2.75, 3.5, 
2, -2.25, -4, 
2, -2.5, -3.75, 
2, -2.5, 3.75, 
2, -2.25, 4, 
2, -2, -4.25, 
2.25, -2, -4, 
2.25, -2, 4, 
2, -2, 4.25, 
2, -1.5, -4.25, 
2, -1.5, 4.25, 
2, -0.75, -4.5, 
2, -1, -4.25, 
2, -1, 4.25, 
2, -0.75, 4.5, 
2, -0.5, -4.75, 
2.25, -0.5, -4.5, 
2.25, -0.5, 4.5, 
2, -0.5, 4.75, 
2, 0, -4.75, 
2.25, 0, -4.5, 
2.25, 0, 4.5, 
2, 0, 4.75, 
2, 0.5, -4.75, 
2.25, 0.5, -4.5, 
2, 0.75, -4.5, 
2.25, 0.5, 4.5, 
2, 0.75, 4.5, 
2, 0.5, 4.75, 
-4.25, -1.5, -2.5, 
-4.25, -1.5, -2, 
-4.5, -1.5, -1.75, 
-4.5, -1.5, 1.75, 
-4.25, -1.5, 2, 
-4.25, -1.5, 2.5, 
-4.25, -1, -2.5, 
-4.25, -1, -2, 
-4.5, -0.75, -2, 
-4.5, -1, -1.75, 
-4.5, -1, 1.75, 
-4.25, -1, 2, 
-4.5, -0.75, 2, 
-4.25, -1, 2.5, 
-4.25, -0.5, -2.5, 
-4.5, -0.5, -2.25, 
-4.5, -0.5, 2.25, 
-4.25, -0.5, 2.5, 
-4.25, 0, -3, 
-4.25, 0, -2.5, 
-4.5, 0, -2.25, 
-4.5, 0, 2.25, 
-4.25, 0, 2.5, 
-4.25, 0, 3, 
-4.25, 0.5, -2.5, 
-4.5, 0.5, -2.25, 
-4.5, 0.75, -2, 
-4.5, 0.75, 2, 
-4.5, 0.5, 2.25, 
-4.25, 0.5, 2.5, 
-4.25, 1, -2.5, 
-4.25, 1, -2, 
-4.5, 1, -1.75, 
-4.5, 1, 1.75, 
-4.25, 1, 2, 
-4.25, 1, 2.5, 
-4.25, 1.5, -2.5, 
-4.25, 1.5, -2, 
-4.5, 1.5, -1.75, 
-4.5, 1.75, -1.5, 
-4.5, 1.75, -1, 
-4.5, 1.75, 1, 
-4.5, 1.75, 1.5, 
-4.5, 1.5, 1.75, 
-4.25, 1.5, 2, 
-4.25, 1.5, 2.5, 
-4.25, 2, -2, 
-4.25, 2, -1.5, 
-4.25, 2, -1, 
-4.5, 2, -0.75, 
-4.5, 2.25, -0.5, 
-4.5, 2.25, 0, 
-4.5, 2.25, 0.5, 
-4.5, 2, 0.75, 
-4.25, 2, 1, 
-4.25, 2, 1.5, 
-4.25, 2, 2, 
-4.25, 2.5, -1.5, 
-4.25, 2.5, -1, 
-4.25, 2.5, -0.5, 
-4.25, 2.5, 0, 
-4.25, 2.5, 0.5, 
-4.25, 2.5, 1, 
-4.25, 2.5, 1.5, 
-4.25, 3, 0, 
-4, -1.5, 2.75, 
-3.75, -1.5, 3, 
-3.75, -1, -3, 
-4, -1, -2.75, 
-4, -1, 2.75, 
-3.75, -1, 3, 
-3.75, -0.5, -3.5, 
-3.75, -0.5, -3, 
-4, -0.25, -3, 
-4, -0.5, -2.75, 
-4, -0.5, 2.75, 
-3.75, -0.5, 3, 
-4, -0.25, 3, 
-3.75, -0.5, 3.5, 
-3.75, 0, -3.5, 
-4, 0, -3.25, 
-4, 0.25, -3, 
-4, 0.25, 3, 
-4, 0, 3.25, 
-3.75, 0, 3.5, 
-3.75, 0.5, -3.5, 
-3.75, 0.5, -3, 
-4, 0.5, -2.75, 
-4, 0.5, 2.75, 
-3.75, 1, -3, 
-4, 1, -2.75, 
-4, 1, 2.75, 
-3.75, 1, 3, 
-3.5, -1, 3.25, 
-3.25, -1, 3.5, 
-3.5, -0.75, 3.5, 
-3.25, 0, -4, 
-3.5, 0, -3.75, 
-3.5, 0, 3.75, 
-3.25, 0, 4, 
-3.5, 0.5, -3.75, 
-3.5, 0.75, -3.5, 
-3.5, 0.75, 3.5, 
-3.5, 0.5, 3.75, 
-3.25, 1, -3.5, 
-3.5, 1, -3.25, 
-3.5, 1, 3.25, 
-3.25, 1, 3.5, 
-3.25, 1.5, -3.5, 
-3.5, 1.5, -3.25, 
-3.5, 1.75, -3, 
-3.5, 1.75, 3, 
-3.5, 1.5, 3.25, 
-3.25, 1.5, 3.5, 
-3.25, 2, -3, 
-3.5, 2, -2.75, 
-3.5, 2, 2.75, 
-3.25, 2, 3, 
-3.25, 2.5, -3, 
-3.5, 2.5, -2.75, 
-3.5, 2.75, -2.5, 
-3.5, 2.75, -2, 
-3.5, 2.75, 2, 
-3.5, 2.75, 2.5, 
-3.5, 2.5, 2.75, 
-3.25, 2.5, 3, 
-3.25, 3, -2.5, 
-3.25, 3, -2, 
-3.5, 3, -1.75, 
-3.5, 3.25, -1.5, 
-3.5, 3.25, -1, 
-3.5, 3.25, 1, 
-3.5, 3.25, 1.5, 
-3.5, 3, 1.75, 
-3.25, 3, 2, 
-3.25, 3, 2.5, 
-3.25, 3.5, -1.5, 
-3.25, 3.5, -1, 
-3.5, 3.5, -0.75, 
-3.5, 3.75, -0.5, 
-3.5, 3.75, 0, 
-3.5, 3.75, 0.5, 
-3.5, 3.5, 0.75, 
-3.25, 3.5, 1, 
-3.25, 3.5, 1.5, 
-3, -4.25, 0, 
-2.75, -4, -1.5, 
-3, -3.75, -1.5, 
-2.75, -4, -1, 
-3, -3.75, -1, 
-2.75, -4, -0.5, 
-3, -3.75, -0.5, 
-3, -4, -0.25, 
-3, -4, 0.25, 
-2.75, -4, 0.5, 
-3, -3.75, 0.5, 
-2.75, -4, 1, 
-3, -3.75, 1, 
-2.75, -4, 1.5, 
-3, -3.75, 1.5, 
-2.75, -3.5, -2.5, 
-3, -3.25, -2.5, 
-2.75, -3.5, -2, 
-3, -3.25, -2, 
-3, -3.5, -1.75, 
-3, -3.5, 1.75, 
-2.75, -3.5, 2, 
-3, -3.25, 2, 
-2.75, -3.5, 2.5, 
-3, -3.25, 2.5, 
-3, -3, 2.75, 
-2.75, -3, 3, 
-3, -2.75, 3, 
-2.75, -2.5, -3.5, 
-3, -2.5, -3.25, 
-3, -2.5, 3.25, 
-2.75, -2.5, 3.5, 
-2.75, -2, -3.5, 
-3, -1.75, -3.5, 
-3, -2, -3.25, 
-3, -2, 3.25, 
-2.75, -2, 3.5, 
-3, -1.75, 3.5, 
-2.75, -1.5, -4, 
-3, -1.5, -3.75, 
-3, -1.5, 3.75, 
-2.75, -1.5, 4, 
-2.75, -1, -4, 
-3, -1, -3.75, 
-3, -1, 3.75, 
-2.75, -1, 4, 
-2.75, -0.5, -4, 
-3, -0.25, -4, 
-3, -0.5, -3.75, 
-3, -0.5, 3.75, 
-2.75, -0.5, 4, 
-3, -0.25, 4, 
-3, 0, -4.25, 
-3, 0.25, -4, 
-3, 0.25, 4, 
-3, 0, 4.25, 
-2.75, 0.5, -4, 
-3, 0.5, -3.75, 
-3, 0.5, 3.75, 
-2.75, 0.5, 4, 
-2.75, 1, -4, 
-3, 1, -3.75, 
-3, 1, 3.75, 
-2.75, 1, 4, 
-2.75, 1.5, -4, 
-3, 1.5, -3.75, 
-3, 1.75, -3.5, 
-3, 1.75, 3.5, 
-3, 1.5, 3.75, 
-2.75, 1.5, 4, 
-2.75, 2, -3.5, 
-3, 2, -3.25, 
-3, 2, 3.25, 
-2.75, 2, 3.5, 
-2.75, 2.5, -3.5, 
-3, 2.5, -3.25, 
-3, 2.75, -3, 
-3, 2.75, 3, 
-3, 2.5, 3.25, 
-2.75, 2.5, 3.5, 
-2.75, 3, -3, 
-3, 3, -2.75, 
-3, 3.25, -2.5, 
-3, 3.25, -2, 
-3, 3.25, 2, 
-3, 3.25, 2.5, 
-3, 3, 2.75, 
-2.75, 3, 3, 
-2.75, 3.5, -2.5, 
-2.75, 3.5, -2, 
-3, 3.5, -1.75, 
-3, 3.75, -1.5, 
-3, 3.75, -1, 
-3, 3.75, -0.5, 
-3, 3.75, 0.5, 
-3, 3.75, 1, 
-3, 3.75, 1.5, 
-3, 3.5, 1.75, 
-2.75, 3.5, 2, 
-2.75, 3.5, 2.5, 
-2.75, 4, -1.5, 
-2.75, 4, -1, 
-2.75, 4, -0.5, 
-3, 4, -0.25, 
-3, 4.25, 0, 
-3, 4, 0.25, 
-2.75, 4, 0.5, 
-2.75, 4, 1, 
-2.75, 4, 1.5, 
-3.5, -3.75, -0.5, 
-3.25, -4, 0, 
-3.5, -3.75, 0, 
-3.5, -3.75, 0.5, 
-3.25, -3.5, -1.5, 
-3.5, -3.25, -1.5, 
-3.25, -3.5, -1, 
-3.5, -3.25, -1, 
-3.5, -3.5, -0.75, 
-3.5, -3.5, 0.75, 
-3.25, -3.5, 1, 
-3.5, -3.25, 1, 
-3.25, -3.5, 1.5, 
-3.5, -3.25, 1.5, 
-3.25, -3, -2.5, 
-3.5, -2.75, -2.5, 
-3.25, -3, -2, 
-3.5, -2.75, -2, 
-3.5, -3, -1.75, 
-3.5, -3, 1.75, 
-3.25, -3, 2, 
-3.5, -2.75, 2, 
-3.25, -3, 2.5, 
-3.5, -2.75, 2.5, 
-3.25, -2.5, -3, 
-3.5, -2.5, -2.75, 
-3.5, -2.5, 2.75, 
-3.25, -2.5, 3, 
-3.25, -2, -3, 
-3.5, -1.75, -3, 
-3.5, -2, -2.75, 
-3.5, -2, 2.75, 
-3.25, -2, 3, 
-3.5, -1.75, 3, 
-3.25, -1.5, -3.5, 
-3.5, -1.5, -3.25, 
-3.5, -1.5, 3.25, 
-3.25, -1.5, 3.5, 
-3.25, -1, -3.5, 
-3.5, -0.75, -3.5, 
-3.5, -1, -3.25, 
-2.75, -3, -3, 
-3, -2.75, -3, 
-3, -3, -2.75, 
-0.5, 1, -4.75, 
-0.5, 1, 4.75, 
-0.5, 1.5, -4.75, 
-0.5, 1.5, 4.75, 
-0.5, 2, -4.75, 
-0.5, 2.25, -4.5, 
-0.5, 2.25, 4.5, 
-0.5, 2, 4.75, 
-0.5, 2.5, -4.25, 
-0.5, 2.75, -4, 
-0.5, 2.75, 4, 
-0.5, 2.5, 4.25, 
-0.25, 3, -4, 
-0.5, 3, -3.75, 
-0.5, 3, 3.75, 
-0.25, 3, 4, 
-0.5, 3.5, -3.75, 
-0.5, 3.75, -3.5, 
-0.5, 3.75, -3, 
-0.5, 3.75, 3, 
-0.5, 3.75, 3.5, 
-0.5, 3.5, 3.75, 
-0.25, 4, -3, 
-0.5, 4, -2.75, 
-0.5, 4.25, -2.5, 
-0.5, 4.25, 2.5, 
-0.5, 4, 2.75, 
-0.25, 4, 3, 
-0.5, 4.5, -2.25, 
-0.5, 4.75, -2, 
-0.5, 4.75, -1.5, 
-0.5, 4.75, -1, 
-0.5, 4.75, -0.5, 
-0.5, 4.75, 0, 
-0.5, 4.75, 0.5, 
-0.5, 4.75, 1, 
-0.5, 4.75, 1.5, 
-0.5, 4.75, 2, 
-0.5, 4.5, 2.25, 
-0.25, 5, 0, 
-2.5, -4.25, -1.5, 
-2.5, -4.25, -1, 
-2.25, -4.5, -0.5, 
-2.5, -4.25, -0.5, 
-2.25, -4.5, 0, 
-2.5, -4.25, 0, 
-2.25, -4.5, 0.5, 
-2.5, -4.25, 0.5, 
-2.5, -4.25, 1, 
-2.5, -4.25, 1.5, 
-2.5, -3.75, -2.5, 
-2.25, -4, -2, 
-2.5, -3.75, -2, 
-2.5, -4, -1.75, 
-2.5, -4, 1.75, 
-2.25, -4, 2, 
-2.5, -3.75, 2, 
-2.5, -3.75, 2.5, 
-2.5, -3.25, -3, 
-2.5, -3.5, -2.75, 
-2.5, -3.5, 2.75, 
-2.5, -3.25, 3, 
-2.5, -2.75, -3.5, 
-2.5, -3, -3.25, 
-2.5, -3, 3.25, 
-2.5, -2.75, 3.5, 
-2.5, -2.5, -3.75, 
-2.5, -2.5, 3.75, 
-2.25, -2, -4, 
-2.5, -1.75, -4, 
-2.5, -2, -3.75, 
-2.5, -2, 3.75, 
-2.25, -2, 4, 
-2.5, -1.75, 4, 
-2.5, -1.5, -4.25, 
-2.5, -1.5, 4.25, 
-2.5, -1, -4.25, 
-2.5, -1, 4.25, 
-2.25, -0.5, -4.5, 
-2.5, -0.5, -4.25, 
-2.5, -0.5, 4.25, 
-2.25, -0.5, 4.5, 
-2.25, 0, -4.5, 
-2.5, 0, -4.25, 
-2.5, 0, 4.25, 
-2.25, 0, 4.5, 
-2.25, 0.5, -4.5, 
-2.5, 0.5, -4.25, 
-2.5, 0.5, 4.25, 
-2.25, 0.5, 4.5, 
-2.5, 1, -4.25, 
-2.5, 1, 4.25, 
-2.5, 1.5, -4.25, 
-2.5, 1.75, -4, 
-2.5, 1.75, 4, 
-2.5, 1.5, 4.25, 
-2.25, 2, -4, 
-2.5, 2, -3.75, 
-2.5, 2, 3.75, 
-2.25, 2, 4, 
-2.5, 2.5, -3.75, 
-2.5, 2.75, -3.5, 
-2.5, 2.75, 3.5, 
-2.5, 2.5, 3.75, 
-2.5, 3, -3.25, 
-2.5, 3.25, -3, 
-2.5, 3.25, 3, 
-2.5, 3, 3.25, 
-2.5, 3.5, -2.75, 
-2.5, 3.75, -2.5, 
-2.5, 3.75, -2, 
-2.5, 3.75, 2, 
-2.5, 3.75, 2.5, 
-2.5, 3.5, 2.75, 
-2.25, 4, -2, 
-2.5, 4, -1.75, 
-2.5, 4.25, -1.5, 
-2.5, 4.25, -1, 
-2.5, 4.25, -0.5, 
-2.5, 4.25, 0, 
-2.5, 4.25, 0.5, 
-2.5, 4.25, 1, 
-2.5, 4.25, 1.5, 
-2.5, 4, 1.75, 
-2.25, 4, 2, 
-2.25, 4.5, -0.5, 
-2.25, 4.5, 0, 
-2.25, 4.5, 0.5, 
-2, -4.75, -0.5, 
-2, -4.75, 0, 
-2, -4.75, 0.5, 
-2, -4.25, -2, 
-1.75, -4.5, -1.5, 
-2, -4.25, -1.5, 
-1.75, -4.5, -1, 
-2, -4.25, -1, 
-2, -4.5, -0.75, 
-2, -4.5, 0.75, 
-1.75, -4.5, 1, 
-2, -4.25, 1, 
-1.75, -4.5, 1.5, 
-2, -4.25, 1.5, 
-2, -4.25, 2, 
-1.75, -4, -2.5, 
-2, -3.75, -2.5, 
-2, -4, -2.25, 
-2, -4, 2.25, 
-1.75, -4, 2.5, 
-2, -3.75, 2.5, 
-1.75, -3.5, -3, 
-2, -3.25, -3, 
-2, -3.5, -2.75, 
-2, -3.5, 2.75, 
-1.75, -3.5, 3, 
-2, -3.25, 3, 
-1.75, -3, -3.5, 
-2, -2.75, -3.5, 
-2, -3, -3.25, 
-2, -3, 3.25, 
-1.75, -3, 3.5, 
-2, -2.75, 3.5, 
-1.75, -2.5, -4, 
-2, -2.25, -4, 
-2, -2.5, -3.75, 
-2, -2.5, 3.75, 
-1.75, -2.5, 4, 
-2, -2.25, 4, 
-2, -2, -4.25, 
-2, -2, 4.25, 
-1.75, -1.5, -4.5, 
-2, -1.5, -4.25, 
-2, -1.5, 4.25, 
-1.75, -1.5, 4.5, 
-1.75, -1, -4.5, 
-2, -0.75, -4.5, 
-2, -1, -4.25, 
-2, -1, 4.25, 
-1.75, -1, 4.5, 
-2, -0.75, 4.5, 
-2, -0.5, -4.75, 
-2, -0.5, 4.75, 
-2, 0, -4.75, 
-2, 0, 4.75, 
-2, 0.5, -4.75, 
-2, 0.75, -4.5, 
-2, 0.75, 4.5, 
-2, 0.5, 4.75, 
-1.75, 1, -4.5, 
-2, 1, -4.25, 
-2, 1, 4.25, 
-1.75, 1, 4.5, 
-1.75, 1.5, -4.5, 
-2, 1.5, -4.25, 
-2, 1.5, 4.25, 
-1.75, 1.5, 4.5, 
-2, 2, -4.25, 
-2, 2.25, -4, 
-2, 2.25, 4, 
-2, 2, 4.25, 
-1.75, 2.5, -4, 
-2, 2.5, -3.75, 
-2, 2.75, -3.5, 
-2, 2.75, 3.5, 
-2, 2.5, 3.75, 
-1.75, 2.5, 4, 
-1.75, 3, -3.5, 
-2, 3, -3.25, 
-2, 3.25, -3, 
-2, 3.25, 3, 
-2, 3, 3.25, 
-1.75, 3, 3.5, 
-1.75, 3.5, -3, 
-2, 3.5, -2.75, 
-2, 3.75, -2.5, 
-2, 3.75, 2.5, 
-2, 3.5, 2.75, 
-1.75, 3.5, 3, 
-1.75, 4, -2.5, 
-2, 4, -2.25, 
-2, 4.25, -2, 
-2, 4.25, -1.5, 
-2, 4.25, -1, 
-2, 4.25, 1, 
-2, 4.25, 1.5, 
-2, 4.25, 2, 
-2, 4, 2.25, 
-1.75, 4, 2.5, 
-1.75, 4.5, -1.5, 
-1.75, 4.5, -1, 
-2, 4.5, -0.75, 
-2, 4.75, -0.5, 
-2, 4.75, 0, 
-2, 4.75, 0.5, 
-2, 4.5, 0.75, 
-1.75, 4.5, 1, 
-1.75, 4.5, 1.5, 
-1.5, -4.75, -1.5, 
-1.5, -4.75, -1, 
-1.5, -4.75, -0.5, 
-1.5, -4.75, 0, 
-1.5, -4.75, 0.5, 
-1.5, -4.75, 1, 
-1.5, -4.75, 1.5, 
-1.5, -4.25, -2.5, 
-1.5, -4.25, -2, 
-1.5, -4.5, -1.75, 
-1.5, -4.5, 1.75, 
-1.5, -4.25, 2, 
-1.5, -4.25, 2.5, 
-1.5, -3.75, -3, 
-1.5, -4, -2.75, 
-1.5, -4, 2.75, 
-1.5, -3.75, 3, 
-1.5, -3.25, -3.5, 
-1.5, -3.5, -3.25, 
-1.5, -3.5, 3.25, 
-1.5, -3.25, 3.5, 
-1.5, -2.75, -4, 
-1.5, -3, -3.75, 
-1.5, -3, 3.75, 
-1.5, -2.75, 4, 
-1.5, -2.5, -4.25, 
-1.5, -2.5, 4.25, 
-1.5, -1.75, -4.5, 
-1.5, -2, -4.25, 
-1.5, -2, 4.25, 
-1.5, -1.75, 4.5, 
-1.5, -1.5, -4.75, 
-1.5, -1.5, 4.75, 
-1.5, -1, -4.75, 
-1.5, -1, 4.75, 
-1.5, -0.5, -4.75, 
-1.5, -0.5, 4.75, 
-1.5, 0, -4.75, 
-1.5, 0, 4.75, 
-1.5, 0.5, -4.75, 
-1.5, 0.5, 4.75, 
-1.5, 1, -4.75, 
-1.5, 1, 4.75, 
-1.5, 1.5, -4.75, 
-1.5, 1.75, -4.5, 
-1.5, 1.75, 4.5, 
-1.5, 1.5, 4.75, 
-1.5, 2, -4.25, 
-1.5, 2, 4.25, 
-1.5, 2.5, -4.25, 
-1.5, 2.75, -4, 
-1.5, 2.75, 4, 
-1.5, 2.5, 4.25, 
-1.5, 3, -3.75, 
-1.5, 3.25, -3.5, 
-1.5, 3.25, 3.5, 
-1.5, 3, 3.75, 
-1.5, 3.5, -3.25, 
-1.5, 3.75, -3, 
-1.5, 3.75, 3, 
-1.5, 3.5, 3.25, 
-1.5, 4, -2.75, 
-1.5, 4.25, -2.5, 
-1.5, 4.25, -2, 
-1.5, 4.25, 2, 
-1.5, 4.25, 2.5, 
-1.5, 4, 2.75, 
-1.5, 4.5, -1.75, 
-1.5, 4.75, -1.5, 
-1.5, 4.75, -1, 
-1.5, 4.75, -0.5, 
-1.5, 4.75, 0, 
-1.5, 4.75, 0.5, 
-1.5, 4.75, 1, 
-1.5, 4.75, 1.5, 
-1.5, 4.5, 1.75, 
-1, -4.75, -1.5, 
-1, -4.75, -1, 
-1, -4.75, -0.5, 
-1, -4.75, 0, 
-1, -4.75, 0.5, 
-1, -4.75, 1, 
-1, -4.75, 1.5, 
-1, -4.25, -2.5, 
-0.75, -4.5, -2, 
-1, -4.25, -2, 
-1, -4.5, -1.75, 
-1, -4.5, 1.75, 
-0.75, -4.5, 2, 
-1, -4.25, 2, 
-1, -4.25, 2.5, 
-1, -3.75, -3, 
-1, -4, -2.75, 
-1, -4, 2.75, 
-1, -3.75, 3, 
-0.75, -3.5, -3.5, 
-1, -3.25, -3.5, 
-1, -3.5, -3.25, 
-1, -3.5, 3.25, 
-0.75, -3.5, 3.5, 
-1, -3.25, 3.5, 
-1, -2.75, -4, 
-1, -3, -3.75, 
-1, -3, 3.75, 
-1, -2.75, 4, 
-1, -2.5, -4.25, 
-1, -2.5, 4.25, 
-0.75, -2, -4.5, 
-1, -1.75, -4.5, 
-1, -2, -4.25, 
-1, -2, 4.25, 
-0.75, -2, 4.5, 
-1, -1.75, 4.5, 
-1, -1.5, -4.75, 
-1, -1.5, 4.75, 
-1, -1, -4.75, 
-1, -1, 4.75, 
-1, -0.5, -4.75, 
-1, -0.5, 4.75, 
-1, 0, -4.75, 
-1, 0, 4.75, 
-1, 0.5, -4.75, 
-1, 0.5, 4.75, 
-1, 1, -4.75, 
-1, 1, 4.75, 
-1, 1.5, -4.75, 
-1, 1.75, -4.5, 
-1, 1.75, 4.5, 
-1, 1.5, 4.75, 
-0.75, 2, -4.5, 
-1, 2, -4.25, 
-1, 2, 4.25, 
-0.75, 2, 4.5, 
-1, 2.5, -4.25, 
-1, 2.75, -4, 
-1, 2.75, 4, 
-1, 2.5, 4.25, 
-1, 3, -3.75, 
-1, 3.25, -3.5, 
-1, 3.25, 3.5, 
-1, 3, 3.75, 
-0.75, 3.5, -3.5, 
-1, 3.5, -3.25, 
-1, 3.75, -3, 
-1, 3.75, 3, 
-1, 3.5, 3.25, 
-0.75, 3.5, 3.5, 
-1, 4, -2.75, 
-1, 4.25, -2.5, 
-1, 4.25, -2, 
-1, 4.25, 2, 
-1, 4.25, 2.5, 
-1, 4, 2.75, 
-0.75, 4.5, -2, 
-1, 4.5, -1.75, 
-1, 4.75, -1.5, 
-1, 4.75, -1, 
-1, 4.75, -0.5, 
-1, 4.75, 0, 
-1, 4.75, 0.5, 
-1, 4.75, 1, 
-1, 4.75, 1.5, 
-1, 4.5, 1.75, 
-0.75, 4.5, 2, 
-0.5, -4.75, -2, 
-0.5, -4.75, -1.5, 
-0.5, -4.75, -1, 
-0.5, -4.75, -0.5, 
-0.25, -5, 0, 
-0.5, -4.75, 0, 
-0.5, -4.75, 0.5, 
-0.5, -4.75, 1, 
-0.5, -4.75, 1.5, 
-0.5, -4.75, 2, 
-0.5, -4.25, -2.5, 
-0.5, -4.5, -2.25, 
-0.5, -4.5, 2.25, 
-0.5, -4.25, 2.5, 
-0.5, -3.75, -3.5, 
-0.25, -4, -3, 
-0.5, -3.75, -3, 
-0.5, -4, -2.75, 
-0.5, -4, 2.75, 
-0.25, -4, 3, 
-0.5, -3.75, 3, 
-0.5, -3.75, 3.5, 
-0.5, -3.5, -3.75, 
-0.5, -3.5, 3.75, 
-0.25, -3, -4, 
-0.5, -2.75, -4, 
-0.5, -3, -3.75, 
-0.5, -3, 3.75, 
-0.25, -3, 4, 
-0.5, -2.75, 4, 
-0.5, -2.25, -4.5, 
-0.5, -2.5, -4.25, 
-0.5, -2.5, 4.25, 
-0.5, -2.25, 4.5, 
-0.5, -2, -4.75, 
-0.5, -2, 4.75, 
-0.5, -1.5, -4.75, 
-0.5, -1.5, 4.75, 
-0.5, -1, -4.75, 
-0.5, -1, 4.75, 
-0.5, -0.5, -4.75, 
-0.5, -0.5, 4.75, 
-0.25, 0, -5, 
-0.5, 0, -4.75, 
-0.5, 0, 4.75, 
-0.25, 0, 5, 
-0.5, 0.5, -4.75, 
-0.5, 0.5, 4.75, 
0, -5.25, 0, 
0, -4.75, -2, 
0, -4.75, -1.5, 
0, -4.75, -1, 
0, -4.75, -0.5, 
0, -5, -0.25, 
0.25, -5, 0, 
0, -5, 0.25, 
0, -4.75, 0.5, 
0, -4.75, 1, 
0, -4.75, 1.5, 
0, -4.75, 2, 
0, -4.25, -3, 
0, -4.25, -2.5, 
0, -4.5, -2.25, 
0, -4.5, 2.25, 
0, -4.25, 2.5, 
0, -4.25, 3, 
0, -3.75, -3.5, 
0, -4, -3.25, 
0.25, -4, -3, 
0.25, -4, 3, 
0, -4, 3.25, 
0, -3.75, 3.5, 
0, -3.25, -4, 
0, -3.5, -3.75, 
0, -3.5, 3.75, 
0, -3.25, 4, 
0, -3, -4.25, 
0.25, -3, -4, 
0.25, -3, 4, 
0, -3, 4.25, 
0, -2.25, -4.5, 
0, -2.5, -4.25, 
0, -2.5, 4.25, 
0, -2.25, 4.5, 
0, -2, -4.75, 
0, -2, 4.75, 
0, -1.5, -4.75, 
0, -1.5, 4.75, 
0, -1, -4.75, 
0, -1, 4.75, 
0, -0.25, -5, 
0, -0.5, -4.75, 
0, -0.5, 4.75, 
0, -0.25, 5, 
0, 0, -5.25, 
0.25, 0, -5, 
0, 0.25, -5, 
0.25, 0, 5, 
0, 0.25, 5, 
0, 0, 5.25, 
0, 0.5, -4.75, 
0, 0.5, 4.75, 
0, 1, -4.75, 
0, 1, 4.75, 
0, 1.5, -4.75, 
0, 1.5, 4.75, 
0, 2, -4.75, 
0, 2.25, -4.5, 
0, 2.25, 4.5, 
0, 2, 4.75, 
0, 2.5, -4.25, 
0, 2.5, 4.25, 
0, 3, -4.25, 
0.25, 3, -4, 
0, 3.25, -4, 
0.25, 3, 4, 
0, 3.25, 4, 
0, 3, 4.25, 
0, 3.5, -3.75, 
0, 3.75, -3.5, 
0, 3.75, 3.5, 
0, 3.5, 3.75, 
0, 4, -3.25, 
0.25, 4, -3, 
0, 4.25, -3, 
0, 4.25, -2.5, 
0, 4.25, 2.5, 
0.25, 4, 3, 
0, 4.25, 3, 
0, 4, 3.25, 
0, 4.5, -2.25, 
0, 4.75, -2, 
0, 4.75, -1.5, 
0, 4.75, -1, 
0, 4.75, -0.5, 
0, 4.75, 0.5, 
0, 4.75, 1, 
0, 4.75, 1.5, 
0, 4.75, 2, 
0, 4.5, 2.25, 
0, 5, -0.25, 
0.25, 5, 0, 
0, 5.25, 0, 
0, 5, 0.25, 
0.5, -4.75, -2, 
0.5, -4.75, -1.5, 
0.5, -4.75, -1, 
0.5, -4.75, -0.5, 
0.5, -4.75, 0, 
0.5, -4.75, 0.5, 
0.5, -4.75, 1, 
0.5, -4.75, 1.5, 
0.5, -4.75, 2, 
0.5, -4.25, -2.5, 
0.5, -4.5, -2.25, 
0.75, -4.5, -2, 
0.75, -4.5, 2, 
0.5, -4.5, 2.25, 
0.5, -4.25, 2.5, 
0.5, -3.75, -3.5, 
0.5, -3.75, -3, 
0.5, -4, -2.75, 
0.5, -4, 2.75, 
0.5, -3.75, 3, 
0.5, -3.75, 3.5, 
0.5, -3.5, -3.75, 
0.75, -3.5, -3.5, 
0.75, -3.5, 3.5, 
0.5, -3.5, 3.75, 
0.5, -2.75, -4, 
0.5, -3, -3.75, 
0.5, -3, 3.75, 
0.5, -2.75, 4, 
0.5, -2.25, -4.5, 
0.5, -2.5, -4.25, 
0.5, -2.5, 4.25, 
0.5, -2.25, 4.5, 
0.5, -2, -4.75, 
0.75, -2, -4.5, 
0.75, -2, 4.5, 
0.5, -2, 4.75, 
0.5, -1.5, -4.75, 
0.5, -1.5, 4.75, 
0.5, -1, -4.75, 
0.5, -1, 4.75, 
0.5, -0.5, -4.75, 
0.5, -0.5, 4.75, 
0.5, 0, -4.75, 
0.5, 0, 4.75, 
0.5, 0.5, -4.75, 
0.5, 0.5, 4.75, 
0.5, 1, -4.75, 
0.5, 1, 4.75, 
0.5, 1.5, -4.75, 
0.5, 1.5, 4.75, 
0.5, 2, -4.75, 
0.75, 2, -4.5, 
0.5, 2.25, -4.5, 
0.75, 2, 4.5, 
0.5, 2.25, 4.5, 
0.5, 2, 4.75, 
0.5, 2.5, -4.25, 
0.5, 2.75, -4, 
0.5, 2.75, 4, 
0.5, 2.5, 4.25, 
0.5, 3, -3.75, 
0.5, 3, 3.75, 
0.5, 3.5, -3.75, 
0.75, 3.5, -3.5, 
0.5, 3.75, -3.5, 
0.5, 3.75, -3, 
0.5, 3.75, 3, 
0.75, 3.5, 3.5, 
0.5, 3.75, 3.5, 
0.5, 3.5, 3.75, 
0.5, 4, -2.75, 
0.5, 4.25, -2.5, 
0.5, 4.25, 2.5, 
0.5, 4, 2.75, 
0.5, 4.5, -2.25, 
0.75, 4.5, -2, 
0.5, 4.75, -2, 
0.5, 4.75, -1.5, 
0.5, 4.75, -1, 
0.5, 4.75, -0.5, 
0.5, 4.75, 0, 
0.5, 4.75, 0.5, 
0.5, 4.75, 1, 
0.5, 4.75, 1.5, 
0.75, 4.5, 2, 
0.5, 4.75, 2, 
0.5, 4.5, 2.25, 
1, -4.75, -1.5, 
1, -4.75, -1, 
1, -4.75, -0.5, 
1, -4.75, 0, 
1, -4.75, 0.5, 
1, -4.75, 1, 
1, -4.75, 1.5, 
1, -4.25, -2.5, 
1, -4.25, -2, 
1, -4.5, -1.75, 
1, -4.5, 1.75, 
1, -4.25, 2, 
1, -4.25, 2.5, 
1, -3.75, -3, 
1, -4, -2.75, 
1, -4, 2.75, 
1, -3.75, 3, 
1, -3.25, -3.5, 
1, -3.5, -3.25, 
1, -3.5, 3.25, 
1, -3.25, 3.5, 
1, -2.75, -4, 
1, -3, -3.75, 
1, -3, 3.75, 
1, -2.75, 4, 
1, -2.5, -4.25, 
1, -2.5, 4.25, 
1, -1.75, -4.5, 
1, -2, -4.25, 
1, -2, 4.25, 
1, -1.75, 4.5, 
1, -1.5, -4.75, 
1, -1.5, 4.75, 
1, -1, -4.75, 
1, -1, 4.75, 
1, -0.5, -4.75, 
1, -0.5, 4.75, 
1, 0, -4.75, 
1, 0, 4.75, 
1, 0.5, -4.75, 
1, 0.5, 4.75, 
1, 1, -4.75, 
1, 1, 4.75, 
1, 1.5, -4.75, 
1, 1.75, -4.5, 
1, 1.75, 4.5, 
1, 1.5, 4.75, 
1, 2, -4.25, 
1, 2, 4.25, 
1, 2.5, -4.25, 
1, 2.75, -4, 
1, 2.75, 4, 
1, 2.5, 4.25, 
1, 3, -3.75, 
1, 3.25, -3.5, 
1, 3.25, 3.5, 
1, 3, 3.75, 
1, 3.5, -3.25, 
1, 3.75, -3, 
1, 3.75, 3, 
1, 3.5, 3.25, 
1, 4, -2.75, 
1, 4.25, -2.5, 
1, 4.25, -2, 
1, 4.25, 2, 
1, 4.25, 2.5, 
1, 4, 2.75, 
1, 4.5, -1.75, 
1, 4.75, -1.5, 
1, 4.75, -1, 
1, 4.75, -0.5, 
1, 4.75, 0, 
1, 4.75, 0.5, 
1, 4.75, 1, 
1, 4.75, 1.5, 
1, 4.5, 1.75, 
1.5, -4.75, -1.5, 
1.5, -4.75, -1, 
1.5, -4.75, -0.5, 
1.5, -4.75, 0, 
1.5, -4.75, 0.5, 
1.5, -4.75, 1, 
1.5, -4.75, 1.5, 
1.5, -4.25, -2.5, 
1.5, -4.25, -2, 
1.5, -4.5, -1.75, 
1.75, -4.5, -1.5, 
1.75, -4.5, -1, 
1.75, -4.5, 1, 
1.75, -4.5, 1.5, 
1.5, -4.5, 1.75, 
1.5, -4.25, 2, 
1.5, -4.25, 2.5, 
1.5, -3.75, -3, 
1.5, -4, -2.75, 
1.75, -4, -2.5, 
1.75, -4, 2.5, 
1.5, -4, 2.75, 
1.5, -3.75, 3, 
1.5, -3.25, -3.5, 
1.5, -3.5, -3.25, 
1.75, -3.5, -3, 
1.75, -3.5, 3, 
1.5, -3.5, 3.25, 
1.5, -3.25, 3.5, 
1.5, -2.75, -4, 
1.5, -3, -3.75, 
1.75, -3, -3.5, 
1.75, -3, 3.5, 
1.5, -3, 3.75, 
1.5, -2.75, 4, 
1.5, -2.5, -4.25, 
1.75, -2.5, -4, 
1.75, -2.5, 4, 
1.5, -2.5, 4.25, 
1.5, -1.75, -4.5, 
1.5, -2, -4.25, 
1.5, -2, 4.25, 
1.5, -1.75, 4.5, 
1.5, -1.5, -4.75, 
1.75, -1.5, -4.5, 
1.75, -1.5, 4.5, 
1.5, -1.5, 4.75, 
1.5, -1, -4.75, 
1.75, -1, -4.5, 
1.75, -1, 4.5, 
1.5, -1, 4.75, 
1.5, -0.5, -4.75, 
1.5, -0.5, 4.75, 
1.5, 0, -4.75, 
1.5, 0, 4.75, 
1.5, 0.5, -4.75, 
1.5, 0.5, 4.75, 
1.5, 1, -4.75, 
1.75, 1, -4.5, 
1.75, 1, 4.5, 
1.5, 1, 4.75, 
1.5, 1.5, -4.75, 
1.75, 1.5, -4.5, 
1.5, 1.75, -4.5, 
1.75, 1.5, 4.5, 
1.5, 1.75, 4.5, 
1.5, 1.5, 4.75, 
1.5, 2, -4.25, 
1.5, 2, 4.25, 
1.5, 2.5, -4.25, 
1.75, 2.5, -4, 
1.5, 2.75, -4, 
1.75, 2.5, 4, 
1.5, 2.75, 4, 
1.5, 2.5, 4.25, 
1.5, 3, -3.75, 
1.75, 3, -3.5, 
1.5, 3.25, -3.5, 
1.75, 3, 3.5, 
1.5, 3.25, 3.5, 
1.5, 3, 3.75, 
1.5, 3.5, -3.25, 
1.75, 3.5, -3, 
1.5, 3.75, -3, 
1.75, 3.5, 3, 
1.5, 3.75, 3, 
1.5, 3.5, 3.25, 
1.5, 4, -2.75, 
1.75, 4, -2.5, 
1.5, 4.25, -2.5, 
1.5, 4.25, -2, 
1.5, 4.25, 2, 
1.75, 4, 2.5, 
1.5, 4.25, 2.5, 
1.5, 4, 2.75, 
1.5, 4.5, -1.75, 
1.75, 4.5, -1.5, 
1.5, 4.75, -1.5, 
1.75, 4.5, -1, 
1.5, 4.75, -1, 
1.5, 4.75, -0.5, 
1.5, 4.75, 0, 
1.5, 4.75, 0.5, 
1.75, 4.5, 1, 
1.5, 4.75, 1, 
1.75, 4.5, 1.5, 
1.5, 4.75, 1.5, 
1.5, 4.5, 1.75, 
3, -4.25, 0, 
3, -3.75, -1.5, 
3, -3.75, -1, 
3, -3.75, -0.5, 
3, -4, -0.25, 
3.25, -4, 0, 
3, -4, 0.25, 
3, -3.75, 0.5, 
3, -3.75, 1, 
3, -3.75, 1.5, 
3, -3.25, -2.5, 
3, -3.25, -2, 
3, -3.5, -1.75, 
3.25, -3.5, -1.5, 
3.25, -3.5, -1, 
3.25, -3.5, 1, 
3.25, -3.5, 1.5, 
3, -3.5, 1.75, 
3, -3.25, 2, 
3, -3.25, 2.5, 
3, -2.75, -3, 
3, -3, -2.75, 
3.25, -3, -2.5, 
3.25, -3, -2, 
3.25, -3, 2, 
3.25, -3, 2.5, 
3, -3, 2.75, 
3, -2.75, 3, 
3, -2.5, -3.25, 
3.25, -2.5, -3, 
3.25, -2.5, 3, 
3, -2.5, 3.25, 
3, -1.75, -3.5, 
3, -2, -3.25, 
3.25, -2, -3, 
3.25, -2, 3, 
3, -2, 3.25, 
3, -1.75, 3.5, 
3, -1.5, -3.75, 
3.25, -1.5, -3.5, 
3.25, -1.5, 3.5, 
3, -1.5, 3.75, 
3, -1, -3.75, 
3.25, -1, -3.5, 
3.25, -1, 3.5, 
3, -1, 3.75, 
3, -0.25, -4, 
3, -0.5, -3.75, 
3, -0.5, 3.75, 
3, -0.25, 4, 
3, 0, -4.25, 
3.25, 0, -4, 
3, 0.25, -4, 
3.25, 0, 4, 
3, 0.25, 4, 
3, 0, 4.25, 
3, 0.5, -3.75, 
3, 0.5, 3.75, 
3, 1, -3.75, 
3.25, 1, -3.5, 
3.25, 1, 3.5, 
3, 1, 3.75, 
3, 1.5, -3.75, 
3.25, 1.5, -3.5, 
3, 1.75, -3.5, 
3.25, 1.5, 3.5, 
3, 1.75, 3.5, 
3, 1.5, 3.75, 
3, 2, -3.25, 
3.25, 2, -3, 
3.25, 2, 3, 
3, 2, 3.25, 
3, 2.5, -3.25, 
3.25, 2.5, -3, 
3, 2.75, -3, 
3.25, 2.5, 3, 
3, 2.75, 3, 
3, 2.5, 3.25, 
3, 3, -2.75, 
3.25, 3, -2.5, 
3, 3.25, -2.5, 
3.25, 3, -2, 
3, 3.25, -2, 
3.25, 3, 2, 
3, 3.25, 2, 
3.25, 3, 2.5, 
3, 3.25, 2.5, 
3, 3, 2.75, 
2, 1, -4.25, 
2, 1, 4.25, 
2, 1.5, -4.25, 
2, 1.5, 4.25, 
2, 2, -4.25, 
2.25, 2, -4, 
2, 2.25, -4, 
2.25, 2, 4, 
2, 2.25, 4, 
2, 2, 4.25, 
2, 2.5, -3.75, 
2, 2.75, -3.5, 
2, 2.75, 3.5, 
2, 2.5, 3.75, 
2, 3, -3.25, 
2, 3.25, -3, 
2, 3.25, 3, 
2, 3, 3.25, 
2, 3.5, -2.75, 
2, 3.75, -2.5, 
2, 3.75, 2.5, 
2, 3.5, 2.75, 
2, 4, -2.25, 
2.25, 4, -2, 
2, 4.25, -2, 
2, 4.25, -1.5, 
2, 4.25, -1, 
2, 4.25, 1, 
2, 4.25, 1.5, 
2.25, 4, 2, 
2, 4.25, 2, 
2, 4, 2.25, 
2, 4.5, -0.75, 
2.25, 4.5, -0.5, 
2, 4.75, -0.5, 
2.25, 4.5, 0, 
2, 4.75, 0, 
2.25, 4.5, 0.5, 
2, 4.75, 0.5, 
2, 4.5, 0.75, 
2.5, -4.25, -1.5, 
2.5, -4.25, -1, 
2.5, -4.25, -0.5, 
2.5, -4.25, 0, 
2.5, -4.25, 0.5, 
2.5, -4.25, 1, 
2.5, -4.25, 1.5, 
2.5, -3.75, -2.5, 
2.5, -3.75, -2, 
2.5, -4, -1.75, 
2.75, -4, -1.5, 
2.75, -4, -1, 
2.75, -4, -0.5, 
2.75, -4, 0.5, 
2.75, -4, 1, 
2.75, -4, 1.5, 
2.5, -4, 1.75, 
2.5, -3.75, 2, 
2.5, -3.75, 2.5, 
2.5, -3.25, -3, 
2.5, -3.5, -2.75, 
2.75, -3.5, -2.5, 
2.75, -3.5, -2, 
2.75, -3.5, 2, 
2.75, -3.5, 2.5, 
2.5, -3.5, 2.75, 
2.5, -3.25, 3, 
2.5, -2.75, -3.5, 
2.5, -3, -3.25, 
2.75, -3, -3, 
2.75, -3, 3, 
2.5, -3, 3.25, 
2.5, -2.75, 3.5, 
2.5, -2.5, -3.75, 
2.75, -2.5, -3.5, 
2.75, -2.5, 3.5, 
2.5, -2.5, 3.75, 
2.5, -1.75, -4, 
2.5, -2, -3.75, 
2.75, -2, -3.5, 
2.75, -2, 3.5, 
2.5, -2, 3.75, 
2.5, -1.75, 4, 
2.5, -1.5, -4.25, 
2.75, -1.5, -4, 
2.75, -1.5, 4, 
2.5, -1.5, 4.25, 
2.5, -1, -4.25, 
2.75, -1, -4, 
2.75, -1, 4, 
2.5, -1, 4.25, 
2.5, -0.5, -4.25, 
2.75, -0.5, -4, 
2.75, -0.5, 4, 
2.5, -0.5, 4.25, 
2.5, 0, -4.25, 
2.5, 0, 4.25, 
2.5, 0.5, -4.25, 
2.75, 0.5, -4, 
2.75, 0.5, 4, 
2.5, 0.5, 4.25, 
2.5, 1, -4.25, 
2.75, 1, -4, 
2.75, 1, 4, 
2.5, 1, 4.25, 
2.5, 1.5, -4.25, 
2.75, 1.5, -4, 
2.5, 1.75, -4, 
2.75, 1.5, 4, 
2.5, 1.75, 4, 
2.5, 1.5, 4.25, 
2.5, 2, -3.75, 
2.75, 2, -3.5, 
2.75, 2, 3.5, 
2.5, 2, 3.75, 
2.5, 2.5, -3.75, 
2.75, 2.5, -3.5, 
2.5, 2.75, -3.5, 
2.75, 2.5, 3.5, 
2.5, 2.75, 3.5, 
2.5, 2.5, 3.75, 
2.5, 3, -3.25, 
2.75, 3, -3, 
2.5, 3.25, -3, 
2.75, 3, 3, 
2.5, 3.25, 3, 
2.5, 3, 3.25, 
2.5, 3.5, -2.75, 
2.75, 3.5, -2.5, 
2.5, 3.75, -2.5, 
2.75, 3.5, -2, 
2.5, 3.75, -2, 
2.75, 3.5, 2, 
2.5, 3.75, 2, 
2.75, 3.5, 2.5, 
2.5, 3.75, 2.5, 
2.5, 3.5, 2.75, 
2.5, 4, -1.75, 
2.75, 4, -1.5, 
2.5, 4.25, -1.5, 
2.75, 4, -1, 
2.5, 4.25, -1, 
2.75, 4, -0.5, 
2.5, 4.25, -0.5, 
2.5, 4.25, 0, 
2.75, 4, 0.5, 
2.5, 4.25, 0.5, 
2.75, 4, 1, 
2.5, 4.25, 1, 
2.75, 4, 1.5, 
2.5, 4.25, 1.5, 
2.5, 4, 1.75, 
3, 3.5, -1.75, 
3.25, 3.5, -1.5, 
3, 3.75, -1.5, 
3.25, 3.5, -1, 
3, 3.75, -1, 
3, 3.75, -0.5, 
3, 3.75, 0.5, 
3.25, 3.5, 1, 
3, 3.75, 1, 
3.25, 3.5, 1.5, 
3, 3.75, 1.5, 
3, 3.5, 1.75, 
3, 4, -0.25, 
3.25, 4, 0, 
3, 4.25, 0, 
3, 4, 0.25, 
3.5, -3.75, -0.5, 
3.5, -3.75, 0, 
3.5, -3.75, 0.5, 
3.5, -3.25, -1.5, 
3.5, -3.25, -1, 
3.5, -3.5, -0.75, 
3.75, -3.5, -0.5, 
3.75, -3.5, 0, 
3.75, -3.5, 0.5, 
3.5, -3.5, 0.75, 
3.5, -3.25, 1, 
3.5, -3.25, 1.5, 
3.5, -2.75, -2.5, 
3.5, -2.75, -2, 
3.5, -3, -1.75, 
3.75, -3, -1.5, 
3.75, -3, -1, 
3.75, -3, -0.5, 
3.75, -3, 0.5, 
3.75, -3, 1, 
3.75, -3, 1.5, 
3.5, -3, 1.75, 
3.5, -2.75, 2, 
3.5, -2.75, 2.5, 
3.5, -2.5, -2.75, 
3.75, -2.5, -2.5, 
3.75, -2.5, -2, 
3.75, -2.5, 2, 
3.75, -2.5, 2.5, 
3.5, -2.5, 2.75, 
3.5, -1.75, -3, 
3.5, -2, -2.75, 
3.75, -2, -2.5, 
3.75, -2, 2.5, 
3.5, -2, 2.75, 
3.5, -1.75, 3, 
3.5, -1.5, -3.25, 
3.75, -1.5, -3, 
3.75, -1.5, 3, 
3.5, -1.5, 3.25, 
3.5, -0.75, -3.5, 
3.5, -1, -3.25, 
3.75, -1, -3, 
3.75, -1, 3, 
3.5, -1, 3.25, 
3.5, -0.75, 3.5, 
3.5, -0.5, -3.75, 
3.75, -0.5, -3.5, 
3.75, -0.5, -3, 
3.75, -0.5, 3, 
3.75, -0.5, 3.5, 
3.5, -0.5, 3.75, 
3.5, 0, -3.75, 
3.75, 0, -3.5, 
3.75, 0, 3.5, 
3.5, 0, 3.75, 
3.5, 0.5, -3.75, 
3.75, 0.5, -3.5, 
3.5, 0.75, -3.5, 
3.75, 0.5, -3, 
3.75, 0.5, 3, 
3.75, 0.5, 3.5, 
3.5, 0.75, 3.5, 
3.5, 0.5, 3.75, 
3.5, 1, -3.25, 
3.75, 1, -3, 
3.75, 1, 3, 
3.5, 1, 3.25, 
3.5, 1.5, -3.25, 
3.75, 1.5, -3, 
3.5, 1.75, -3, 
3.75, 1.5, 3, 
3.5, 1.75, 3, 
3.5, 1.5, 3.25, 
3.5, 2, -2.75, 
3.75, 2, -2.5, 
3.75, 2, 2.5, 
3.5, 2, 2.75, 
3.5, 2.5, -2.75, 
3.75, 2.5, -2.5, 
3.5, 2.75, -2.5, 
3.75, 2.5, -2, 
3.5, 2.75, -2, 
3.75, 2.5, 2, 
3.5, 2.75, 2, 
3.75, 2.5, 2.5, 
3.5, 2.75, 2.5, 
3.5, 2.5, 2.75, 
3.5, 3, -1.75, 
3.75, 3, -1.5, 
3.5, 3.25, -1.5, 
3.75, 3, -1, 
3.5, 3.25, -1, 
3.75, 3, -0.5, 
3.75, 3, 0.5, 
3.75, 3, 1, 
3.5, 3.25, 1, 
3.75, 3, 1.5, 
3.5, 3.25, 1.5, 
3.5, 3, 1.75, 
3.5, 3.5, -0.75, 
3.75, 3.5, -0.5, 
3.5, 3.75, -0.5, 
3.75, 3.5, 0, 
3.5, 3.75, 0, 
3.75, 3.5, 0.5, 
3.5, 3.75, 0.5, 
3.5, 3.5, 0.75, 
4, -3.25, 0, 
4, -2.75, -1.5, 
4, -2.75, -1, 
4, -2.75, -0.5, 
4, -3, -0.25, 
4.25, -3, 0, 
4, -3, 0.25, 
4, -2.75, 0.5, 
4, -2.75, 1, 
4, -2.75, 1.5, 
4, -2.25, -2, 
4, -2.5, -1.75, 
4.25, -2.5, -1.5, 
4.25, -2.5, -1, 
4.25, -2.5, -0.5, 
4.25, -2.5, 0, 
4.25, -2.5, 0.5, 
4.25, -2.5, 1, 
4.25, -2.5, 1.5, 
4, -2.5, 1.75, 
4, -2.25, 2, 
4, -1.75, -2.5, 
4, -2, -2.25, 
4.25, -2, -2, 
4.25, -2, -1.5, 
4.25, -2, -1, 
4.25, -2, 1, 
4.25, -2, 1.5, 
4.25, -2, 2, 
4, -2, 2.25, 
4, -1.75, 2.5, 
4, -1.5, -2.75, 
4.25, -1.5, -2.5, 
4.25, -1.5, -2, 
4.25, -1.5, 2, 
4.25, -1.5, 2.5, 
4, -1.5, 2.75, 
4, -1, -2.75, 
4.25, -1, -2.5, 
4.25, -1, -2, 
4.25, -1, 2, 
4.25, -1, 2.5, 
4, -1, 2.75, 
4, -0.25, -3, 
4, -0.5, -2.75, 
4.25, -0.5, -2.5, 
4.25, -0.5, 2.5, 
4, -0.5, 2.75, 
4, -0.25, 3, 
4, 0, -3.25, 
4.25, 0, -3, 
4, 0.25, -3, 
4.25, 0, -2.5, 
4.25, 0, 2.5, 
4.25, 0, 3, 
4, 0.25, 3, 
4, 0, 3.25, 
4, 0.5, -2.75, 
4.25, 0.5, -2.5, 
4.25, 0.5, 2.5, 
4, 0.5, 2.75, 
4, 1, -2.75, 
4.25, 1, -2.5, 
4.25, 1, -2, 
4.25, 1, 2, 
4.25, 1, 2.5, 
4, 1, 2.75, 
4, 1.5, -2.75, 
4.25, 1.5, -2.5, 
4, 1.75, -2.5, 
4.25, 1.5, -2, 
4.25, 1.5, 2, 
4.25, 1.5, 2.5, 
4, 1.75, 2.5, 
4, 1.5, 2.75, 
4, 2, -2.25, 
4.25, 2, -2, 
4, 2.25, -2, 
4.25, 2, -1.5, 
4.25, 2, -1, 
4.25, 2, 1, 
4.25, 2, 1.5, 
4.25, 2, 2, 
4, 2.25, 2, 
4, 2, 2.25, 
4, 2.5, -1.75, 
4.25, 2.5, -1.5, 
4, 2.75, -1.5, 
4.25, 2.5, -1, 
4, 2.75, -1, 
4.25, 2.5, -0.5, 
4, 2.75, -0.5, 
4.25, 2.5, 0, 
4.25, 2.5, 0.5, 
4, 2.75, 0.5, 
4.25, 2.5, 1, 
4, 2.75, 1, 
4.25, 2.5, 1.5, 
4, 2.75, 1.5, 
4, 2.5, 1.75, 
4, 3, -0.25, 
4.25, 3, 0, 
4, 3.25, 0, 
4, 3, 0.25, 
4.5, -2.25, -0.5, 
4.5, -2.25, 0, 
4.5, -2.25, 0.5, 
4.5, -1.75, -1.5, 
4.5, -1.75, -1, 
4.5, -2, -0.75, 
4.75, -2, -0.5, 
4.75, -2, 0, 
4.75, -2, 0.5, 
4.5, -2, 0.75, 
4.5, -1.75, 1, 
4.5, -1.75, 1.5, 
4.5, -1.5, -1.75, 
4.75, -1.5, -1.5, 
4.75, -1.5, -1, 
4.75, -1.5, -0.5, 
4.75, -1.5, 0, 
4.75, -1.5, 0.5, 
4.75, -1.5, 1, 
4.75, -1.5, 1.5, 
4.5, -1.5, 1.75, 
4.5, -0.75, -2, 
4.5, -1, -1.75, 
4.75, -1, -1.5, 
4.75, -1, -1, 
4.75, -1, -0.5, 
4.75, -1, 0, 
4.75, -1, 0.5, 
4.75, -1, 1, 
4.75, -1, 1.5, 
4.5, -1, 1.75, 
4.5, -0.75, 2, 
4.5, -0.5, -2.25, 
4.75, -0.5, -2, 
4.75, -0.5, -1.5, 
4.75, -0.5, -1, 
4.75, -0.5, -0.5, 
4.75, -0.5, 0, 
4.75, -0.5, 0.5, 
4.75, -0.5, 1, 
4.75, -0.5, 1.5, 
4.75, -0.5, 2, 
4.5, -0.5, 2.25, 
4.5, 0, -2.25, 
4.75, 0, -2, 
4.75, 0, -1.5, 
4.75, 0, -1, 
4.75, 0, -0.5, 
4.75, 0, 0.5, 
4.75, 0, 1, 
4.75, 0, 1.5, 
4.75, 0, 2, 
4.5, 0, 2.25, 
4.5, 0.5, -2.25, 
4.75, 0.5, -2, 
4.5, 0.75, -2, 
4.75, 0.5, -1.5, 
4.75, 0.5, -1, 
4.75, 0.5, -0.5, 
4.75, 0.5, 0, 
4.75, 0.5, 0.5, 
4.75, 0.5, 1, 
4.75, 0.5, 1.5, 
4.75, 0.5, 2, 
4.5, 0.75, 2, 
4.5, 0.5, 2.25, 
4.5, 1, -1.75, 
4.75, 1, -1.5, 
4.75, 1, -1, 
4.75, 1, -0.5, 
4.75, 1, 0, 
4.75, 1, 0.5, 
4.75, 1, 1, 
4.75, 1, 1.5, 
4.5, 1, 1.75, 
4.5, 1.5, -1.75, 
4.75, 1.5, -1.5, 
4.5, 1.75, -1.5, 
4.75, 1.5, -1, 
4.5, 1.75, -1, 
4.75, 1.5, -0.5, 
4.75, 1.5, 0, 
4.75, 1.5, 0.5, 
4.75, 1.5, 1, 
4.5, 1.75, 1, 
4.75, 1.5, 1.5, 
4.5, 1.75, 1.5, 
4.5, 1.5, 1.75, 
4.5, 2, -0.75, 
4.75, 2, -0.5, 
4.5, 2.25, -0.5, 
4.75, 2, 0, 
4.5, 2.25, 0, 
4.75, 2, 0.5, 
4.5, 2.25, 0.5, 
4.5, 2, 0.75, 
5, -0.25, 0, 
5, 0, -0.25, 
5.25, 0, 0, 
5, 0.25, 0, 
5, 0, 0.25, 
============
11400
117, 118, 126, 
56, 154, 311, 
476, 25, 23, 
15, 3, 87, 
7, 89, 88, 
5, 88, 87, 
87, 3, 5, 
14, 91, 90, 
89, 7, 16, 
88, 5, 7, 
221, 12, 90, 
90, 12, 14, 
88, 89, 94, 
91, 14, 87, 
92, 91, 87, 
14, 15, 87, 
87, 88, 93, 
87, 93, 92, 
94, 89, 95, 
88, 94, 93, 
20, 96, 95, 
89, 16, 95, 
16, 18, 95, 
97, 228, 221, 
96, 20, 222, 
95, 18, 20, 
90, 91, 98, 
221, 90, 97, 
91, 92, 101, 
90, 98, 97, 
92, 93, 102, 
91, 101, 98, 
93, 94, 103, 
92, 102, 101, 
94, 95, 104, 
93, 103, 102, 
95, 96, 105, 
94, 104, 103, 
229, 105, 96, 
95, 105, 104, 
234, 227, 106, 
96, 222, 229, 
227, 228, 97, 
97, 98, 108, 
106, 227, 97, 
107, 106, 97, 
98, 101, 109, 
98, 109, 108, 
97, 108, 107, 
101, 102, 110, 
102, 103, 112, 
101, 110, 109, 
103, 104, 113, 
102, 112, 110, 
104, 105, 114, 
103, 113, 112, 
105, 229, 115, 
104, 114, 113, 
142, 239, 234, 
115, 231, 235, 
114, 105, 115, 
229, 231, 115, 
106, 107, 143, 
234, 106, 142, 
107, 108, 144, 
106, 143, 142, 
108, 109, 145, 
107, 144, 143, 
110, 145, 109, 
108, 145, 144, 
149, 110, 112, 
110, 146, 145, 
110, 111, 146, 
113, 114, 151, 
149, 111, 110, 
149, 148, 111, 
112, 113, 150, 
112, 150, 149, 
114, 115, 152, 
113, 151, 150, 
240, 152, 115, 
114, 152, 151, 
142, 143, 117, 
115, 235, 240, 
116, 244, 239, 
239, 142, 116, 
143, 144, 118, 
142, 117, 116, 
144, 145, 119, 
143, 118, 117, 
145, 120, 119, 
144, 119, 118, 
145, 147, 120, 
145, 146, 147, 
150, 151, 123, 
120, 148, 149, 
120, 147, 148, 
120, 149, 121, 
149, 150, 122, 
149, 122, 121, 
151, 152, 124, 
150, 123, 122, 
247, 124, 152, 
151, 124, 123, 
152, 240, 247, 
161, 512, 290, 
312, 289, 285, 
288, 284, 285, 
285, 289, 288, 
285, 509, 312, 
512, 513, 286, 
290, 512, 286, 
291, 290, 286, 
298, 316, 161, 
297, 314, 99, 
295, 289, 297, 
291, 286, 287, 
287, 293, 291, 
294, 288, 289, 
289, 295, 294, 
289, 312, 297, 
312, 314, 297, 
291, 298, 290, 
161, 290, 298, 
293, 292, 291, 
291, 299, 298, 
291, 292, 299, 
317, 303, 297, 
303, 295, 297, 
303, 296, 295, 
303, 302, 296, 
295, 296, 294, 
298, 305, 304, 
297, 99, 317, 
304, 319, 316, 
316, 298, 304, 
322, 154, 303, 
306, 305, 300, 
298, 300, 305, 
298, 299, 300, 
56, 302, 303, 
56, 301, 302, 
301, 56, 307, 
56, 303, 154, 
303, 317, 322, 
305, 308, 304, 
319, 304, 320, 
308, 324, 304, 
324, 320, 304, 
1257, 190, 193, 
308, 305, 306, 
56, 311, 310, 
306, 309, 308, 
310, 307, 56, 
244, 116, 245, 
321, 154, 322, 
146, 111, 100, 
117, 125, 116, 
125, 251, 116, 
251, 245, 116, 
118, 119, 127, 
117, 126, 125, 
119, 120, 128, 
118, 127, 126, 
120, 121, 129, 
119, 128, 127, 
121, 122, 130, 
120, 129, 128, 
122, 123, 131, 
121, 130, 129, 
124, 246, 131, 
122, 131, 130, 
132, 257, 251, 
246, 124, 247, 
246, 252, 131, 
123, 124, 131, 
125, 126, 133, 
251, 125, 132, 
126, 127, 134, 
125, 133, 132, 
127, 128, 135, 
126, 134, 133, 
128, 129, 136, 
127, 135, 134, 
129, 130, 137, 
128, 136, 135, 
130, 131, 138, 
129, 137, 136, 
262, 138, 131, 
130, 138, 137, 
134, 139, 133, 
131, 252, 262, 
133, 259, 258, 
257, 132, 258, 
258, 132, 133, 
134, 135, 140, 
139, 268, 133, 
268, 259, 133, 
135, 136, 141, 
134, 140, 139, 
137, 260, 141, 
135, 141, 140, 
138, 261, 260, 
260, 272, 141, 
136, 137, 141, 
268, 139, 269, 
261, 138, 262, 
260, 137, 138, 
141, 271, 270, 
140, 270, 269, 
269, 139, 140, 
32, 24, 153, 
271, 141, 272, 
270, 140, 141, 
31, 2, 1, 
153, 24, 33, 
43, 27, 0, 
29, 1, 0, 
0, 27, 29, 
4, 2, 153, 
1, 29, 31, 
4, 153, 6, 
2, 31, 153, 
31, 32, 153, 
37, 8, 6, 
153, 33, 6, 
33, 35, 6, 
39, 9, 8, 
6, 35, 37, 
50, 42, 10, 
9, 39, 44, 
8, 37, 39, 
0, 1, 13, 
11, 10, 0, 
10, 42, 0, 
42, 43, 0, 
2, 13, 1, 
0, 13, 11, 
17, 7, 6, 
2, 15, 13, 
2, 3, 15, 
19, 9, 21, 
5, 3, 2, 
2, 4, 5, 
17, 6, 8, 
7, 5, 4, 
4, 6, 7, 
17, 16, 7, 
8, 9, 19, 
8, 19, 17, 
55, 49, 219, 
21, 46, 51, 
9, 44, 21, 
44, 46, 21, 
11, 220, 10, 
220, 219, 10, 
219, 49, 10, 
49, 50, 10, 
225, 287, 55, 
224, 53, 284, 
11, 221, 220, 
11, 12, 221, 
223, 20, 19, 
15, 14, 13, 
14, 12, 11, 
11, 13, 14, 
223, 19, 21, 
17, 18, 16, 
20, 18, 17, 
17, 19, 20, 
223, 222, 20, 
223, 21, 224, 
21, 51, 224, 
51, 53, 224, 
219, 220, 226, 
55, 219, 225, 
219, 226, 225, 
288, 232, 224, 
226, 220, 221, 
223, 224, 232, 
221, 228, 226, 
229, 222, 223, 
223, 230, 229, 
223, 232, 230, 
226, 233, 225, 
224, 284, 288, 
233, 293, 287, 
287, 225, 233, 
228, 227, 226, 
226, 234, 233, 
226, 227, 234, 
294, 236, 232, 
236, 230, 232, 
236, 231, 230, 
236, 235, 231, 
230, 231, 229, 
299, 292, 237, 
232, 288, 294, 
292, 293, 233, 
237, 292, 233, 
238, 237, 233, 
299, 237, 300, 
242, 296, 302, 
241, 236, 242, 
238, 233, 234, 
234, 239, 238, 
240, 235, 236, 
236, 241, 240, 
236, 294, 242, 
294, 296, 242, 
238, 243, 237, 
243, 306, 237, 
306, 300, 237, 
243, 250, 249, 
243, 238, 239, 
301, 242, 302, 
239, 244, 243, 
241, 248, 247, 
242, 301, 248, 
247, 240, 241, 
301, 307, 248, 
100, 111, 148, 
146, 100, 147, 
147, 100, 148, 
154, 321, 311, 
321, 325, 311, 
311, 325, 331, 
324, 308, 155, 
155, 328, 324, 
330, 335, 62, 
155, 308, 309, 
311, 160, 159, 
309, 156, 155, 
331, 160, 311, 
159, 310, 311, 
328, 155, 329, 
334, 329, 155, 
155, 157, 334, 
155, 156, 157, 
157, 57, 334, 
158, 62, 61, 
58, 57, 157, 
159, 330, 62, 
62, 158, 159, 
63, 338, 334, 
330, 160, 331, 
159, 160, 330, 
57, 64, 63, 
334, 57, 63, 
343, 74, 62, 
65, 64, 59, 
57, 59, 64, 
57, 58, 59, 
66, 75, 347, 
73, 61, 62, 
73, 60, 61, 
60, 73, 72, 
73, 62, 74, 
62, 335, 343, 
64, 340, 339, 
338, 63, 339, 
339, 63, 64, 
341, 352, 83, 
64, 65, 66, 
64, 66, 347, 
347, 340, 64, 
74, 342, 341, 
76, 75, 66, 
66, 67, 76, 
78, 77, 68, 
69, 81, 80, 
77, 76, 67, 
67, 68, 77, 
82, 81, 69, 
69, 70, 82, 
72, 73, 341, 
83, 82, 70, 
70, 71, 83, 
72, 341, 83, 
83, 71, 72, 
347, 75, 348, 
342, 74, 343, 
341, 73, 74, 
77, 84, 76, 
76, 349, 348, 
348, 75, 76, 
77, 85, 84, 
84, 357, 76, 
357, 349, 76, 
77, 79, 85, 
77, 78, 79, 
83, 351, 350, 
85, 80, 81, 
85, 79, 80, 
85, 81, 86, 
82, 350, 86, 
350, 361, 86, 
81, 82, 86, 
357, 84, 358, 
351, 83, 352, 
350, 82, 83, 
86, 360, 359, 
85, 359, 358, 
358, 84, 85, 
371, 364, 474, 
360, 86, 361, 
359, 85, 86, 
370, 473, 368, 
474, 364, 372, 
383, 366, 477, 
368, 479, 477, 
477, 366, 368, 
370, 475, 473, 
473, 481, 368, 
481, 479, 368, 
475, 372, 374, 
370, 474, 475, 
370, 371, 474, 
378, 485, 483, 
475, 374, 476, 
475, 474, 372, 
376, 483, 476, 
483, 482, 476, 
374, 376, 476, 
516, 380, 487, 
485, 378, 384, 
483, 376, 378, 
477, 478, 491, 
382, 489, 487, 
487, 380, 382, 
481, 480, 479, 
382, 383, 477, 
382, 477, 491, 
491, 489, 382, 
493, 386, 388, 
480, 478, 477, 
477, 479, 480, 
384, 386, 493, 
388, 495, 493, 
483, 484, 482, 
486, 484, 483, 
483, 485, 486, 
384, 493, 486, 
493, 492, 486, 
486, 485, 384, 
498, 497, 515, 
495, 388, 389, 
393, 515, 497, 
515, 516, 487, 
389, 391, 500, 
515, 487, 498, 
487, 488, 498, 
493, 494, 492, 
491, 490, 489, 
500, 391, 394, 
490, 488, 487, 
487, 489, 490, 
496, 494, 493, 
493, 495, 496, 
389, 500, 496, 
500, 499, 496, 
496, 495, 389, 
501, 398, 393, 
393, 497, 501, 
403, 397, 507, 
501, 497, 498, 
399, 505, 500, 
498, 503, 501, 
504, 499, 500, 
500, 505, 504, 
500, 394, 399, 
501, 502, 508, 
397, 501, 508, 
397, 398, 501, 
508, 507, 397, 
505, 506, 504, 
503, 502, 501, 
399, 510, 506, 
510, 509, 506, 
511, 407, 403, 
510, 401, 404, 
399, 401, 510, 
506, 505, 399, 
403, 507, 511, 
413, 99, 408, 
511, 507, 508, 
408, 313, 510, 
508, 513, 511, 
312, 509, 510, 
510, 313, 312, 
510, 404, 408, 
412, 407, 161, 
407, 511, 161, 
511, 512, 161, 
313, 314, 312, 
513, 512, 511, 
99, 314, 408, 
314, 313, 408, 
416, 411, 315, 
422, 426, 322, 
316, 412, 161, 
316, 411, 412, 
316, 315, 411, 
318, 415, 419, 
413, 317, 99, 
413, 318, 317, 
413, 415, 318, 
416, 315, 417, 
421, 316, 319, 
317, 422, 322, 
421, 315, 316, 
421, 417, 315, 
418, 318, 419, 
317, 418, 422, 
317, 318, 418, 
421, 319, 425, 
319, 320, 425, 
320, 323, 425, 
321, 326, 325, 
324, 323, 320, 
426, 326, 322, 
326, 321, 322, 
327, 429, 425, 
425, 323, 327, 
327, 328, 329, 
327, 323, 324, 
324, 328, 327, 
432, 332, 326, 
326, 426, 432, 
331, 325, 326, 
326, 332, 331, 
429, 327, 430, 
337, 439, 435, 
330, 336, 335, 
327, 329, 435, 
329, 333, 435, 
435, 430, 327, 
334, 333, 329, 
331, 431, 336, 
431, 436, 336, 
331, 332, 431, 
336, 330, 331, 
347, 346, 340, 
431, 332, 432, 
435, 333, 337, 
442, 344, 336, 
337, 333, 334, 
334, 338, 337, 
343, 335, 336, 
336, 344, 343, 
336, 436, 442, 
439, 337, 440, 
339, 345, 445, 
337, 339, 445, 
337, 338, 339, 
445, 440, 337, 
346, 345, 339, 
441, 344, 442, 
339, 340, 346, 
341, 353, 352, 
343, 344, 441, 
354, 353, 341, 
341, 342, 354, 
343, 441, 354, 
441, 450, 354, 
354, 342, 343, 
346, 447, 446, 
346, 347, 348, 
445, 345, 446, 
446, 345, 346, 
454, 355, 455, 
449, 354, 450, 
454, 447, 346, 
346, 348, 454, 
348, 355, 454, 
352, 353, 448, 
357, 356, 349, 
354, 449, 448, 
356, 355, 348, 
348, 349, 356, 
350, 362, 361, 
363, 362, 350, 
350, 351, 363, 
352, 448, 363, 
448, 461, 363, 
363, 351, 352, 
448, 353, 354, 
455, 355, 356, 
356, 456, 455, 
457, 456, 358, 
359, 457, 358, 
456, 356, 358, 
356, 357, 358, 
359, 467, 457, 
359, 162, 467, 
363, 460, 459, 
458, 162, 359, 
458, 469, 162, 
458, 359, 360, 
458, 360, 459, 
360, 361, 459, 
361, 362, 459, 
467, 162, 468, 
460, 363, 461, 
459, 362, 363, 
558, 367, 365, 
562, 364, 560, 
367, 558, 560, 
468, 162, 469, 
241, 242, 248, 
249, 309, 306, 
306, 243, 249, 
310, 254, 248, 
251, 250, 245, 
243, 245, 250, 
243, 244, 245, 
249, 250, 256, 
253, 247, 248, 
253, 246, 247, 
246, 253, 252, 
253, 248, 254, 
248, 307, 310, 
255, 156, 309, 
309, 249, 255, 
249, 256, 255, 
159, 264, 254, 
256, 250, 251, 
253, 254, 264, 
251, 257, 256, 
262, 252, 253, 
253, 263, 262, 
253, 264, 263, 
254, 310, 159, 
256, 265, 255, 
156, 255, 157, 
256, 266, 265, 
265, 58, 255, 
58, 157, 255, 
256, 258, 266, 
256, 257, 258, 
268, 267, 259, 
267, 266, 258, 
258, 259, 267, 
274, 263, 275, 
264, 158, 275, 
260, 273, 272, 
274, 273, 260, 
260, 261, 274, 
158, 61, 275, 
274, 262, 263, 
274, 261, 262, 
266, 276, 265, 
263, 264, 275, 
158, 264, 159, 
58, 265, 59, 
266, 267, 277, 
276, 65, 265, 
65, 59, 265, 
267, 278, 277, 
266, 277, 276, 
267, 269, 278, 
267, 268, 269, 
275, 60, 282, 
279, 278, 269, 
269, 270, 279, 
280, 272, 273, 
280, 279, 270, 
270, 271, 280, 
280, 271, 272, 
280, 273, 281, 
273, 274, 282, 
273, 282, 281, 
65, 276, 66, 
60, 275, 61, 
60, 72, 282, 
274, 275, 282, 
66, 276, 277, 
277, 67, 66, 
278, 68, 67, 
279, 283, 278, 
67, 277, 278, 
280, 69, 283, 
283, 78, 278, 
78, 68, 278, 
281, 70, 69, 
69, 80, 283, 
279, 280, 283, 
282, 71, 70, 
69, 280, 281, 
78, 283, 79, 
71, 282, 72, 
70, 281, 282, 
804, 888, 893, 
804, 805, 889, 
891, 890, 806, 
79, 283, 80, 
889, 888, 804, 
896, 895, 810, 
806, 807, 891, 
893, 892, 808, 
810, 895, 891, 
891, 807, 810, 
808, 892, 898, 
898, 813, 808, 
808, 809, 893, 
810, 811, 896, 
901, 900, 814, 
814, 900, 896, 
898, 897, 812, 
896, 811, 814, 
812, 897, 905, 
905, 819, 812, 
812, 813, 898, 
815, 816, 902, 
814, 815, 901, 
905, 904, 818, 
815, 902, 901, 
817, 818, 904, 
820, 907, 902, 
902, 816, 820, 
817, 903, 915, 
915, 828, 817, 
817, 904, 903, 
821, 822, 909, 
818, 819, 905, 
908, 907, 820, 
820, 821, 908, 
822, 823, 910, 
821, 909, 908, 
823, 824, 911, 
822, 910, 909, 
824, 825, 912, 
823, 911, 910, 
825, 826, 913, 
824, 912, 911, 
826, 827, 914, 
825, 913, 912, 
915, 914, 827, 
826, 914, 913, 
919, 830, 829, 
827, 828, 915, 
928, 917, 837, 
918, 829, 917, 
829, 839, 917, 
839, 837, 917, 
920, 831, 830, 
919, 829, 918, 
922, 832, 831, 
920, 830, 919, 
923, 833, 832, 
922, 831, 920, 
924, 834, 833, 
923, 832, 922, 
925, 835, 834, 
924, 833, 923, 
926, 841, 835, 
925, 834, 924, 
836, 845, 934, 
841, 926, 929, 
841, 840, 835, 
925, 926, 835, 
927, 838, 836, 
934, 927, 836, 
846, 843, 930, 
839, 838, 837, 
927, 837, 838, 
927, 928, 837, 
938, 852, 847, 
842, 930, 843, 
842, 841, 929, 
841, 842, 840, 
842, 929, 930, 
930, 935, 846, 
939, 931, 848, 
933, 844, 931, 
844, 850, 931, 
850, 848, 931, 
944, 856, 940, 
934, 845, 844, 
846, 935, 937, 
844, 933, 934, 
852, 938, 940, 
937, 847, 846, 
852, 851, 847, 
937, 938, 847, 
943, 939, 855, 
939, 848, 855, 
848, 849, 855, 
852, 853, 851, 
850, 849, 848, 
856, 853, 940, 
853, 852, 940, 
854, 858, 948, 
948, 942, 854, 
951, 947, 860, 
943, 855, 854, 
859, 857, 946, 
854, 942, 943, 
946, 857, 856, 
856, 944, 946, 
946, 949, 859, 
954, 867, 952, 
862, 948, 858, 
862, 947, 948, 
862, 860, 947, 
864, 950, 952, 
949, 863, 859, 
949, 864, 863, 
949, 950, 864, 
953, 951, 866, 
951, 860, 866, 
860, 861, 866, 
864, 865, 863, 
862, 861, 860, 
867, 865, 952, 
865, 864, 952, 
967, 918, 917, 
917, 928, 979, 
970, 965, 921, 
921, 965, 972, 
979, 966, 917, 
968, 919, 918, 
967, 917, 966, 
969, 920, 919, 
968, 918, 967, 
969, 922, 920, 
922, 973, 923, 
969, 919, 968, 
975, 925, 924, 
969, 921, 922, 
969, 970, 921, 
922, 972, 973, 
922, 921, 972, 
974, 924, 923, 
974, 923, 973, 
976, 926, 925, 
975, 924, 974, 
929, 926, 976, 
976, 925, 975, 
936, 982, 987, 
976, 980, 929, 
984, 977, 932, 
978, 927, 977, 
927, 934, 977, 
934, 932, 977, 
990, 983, 931, 
979, 928, 927, 
982, 936, 930, 
927, 978, 979, 
929, 980, 981, 
981, 930, 929, 
936, 935, 930, 
981, 982, 930, 
931, 939, 990, 
983, 933, 931, 
940, 938, 988, 
934, 933, 932, 
983, 932, 933, 
983, 984, 932, 
993, 989, 941, 
937, 988, 938, 
937, 936, 987, 
936, 937, 935, 
937, 987, 988, 
988, 991, 940, 
999, 949, 996, 
943, 990, 939, 
943, 989, 990, 
943, 941, 989, 
945, 992, 996, 
991, 944, 940, 
991, 945, 944, 
991, 992, 945, 
998, 993, 948, 
993, 941, 948, 
941, 942, 948, 
945, 946, 944, 
943, 942, 941, 
949, 946, 996, 
946, 945, 996, 
947, 951, 1001, 
481, 473, 22, 
22, 473, 475, 
475, 23, 22, 
491, 478, 26, 
25, 476, 482, 
23, 475, 476, 
26, 478, 480, 
480, 28, 26, 
30, 28, 22, 
23, 30, 22, 
28, 480, 22, 
480, 481, 22, 
34, 24, 23, 
23, 32, 30, 
23, 24, 32, 
486, 38, 36, 
34, 23, 25, 
34, 33, 24, 
34, 25, 36, 
25, 482, 36, 
482, 484, 36, 
498, 488, 40, 
38, 486, 492, 
36, 484, 486, 
40, 488, 490, 
490, 41, 40, 
492, 494, 45, 
490, 491, 26, 
490, 26, 43, 
26, 27, 43, 
43, 41, 490, 
48, 503, 498, 
47, 496, 499, 
29, 27, 26, 
26, 28, 29, 
32, 31, 30, 
496, 47, 45, 
31, 29, 28, 
28, 30, 31, 
34, 35, 33, 
37, 35, 34, 
34, 36, 37, 
36, 38, 39, 
39, 37, 36, 
492, 45, 39, 
45, 44, 39, 
39, 38, 492, 
45, 494, 496, 
41, 48, 40, 
498, 40, 48, 
43, 42, 41, 
41, 50, 48, 
41, 42, 50, 
504, 52, 47, 
52, 45, 47, 
52, 46, 45, 
52, 51, 46, 
45, 46, 44, 
508, 502, 54, 
47, 499, 504, 
502, 503, 48, 
52, 53, 51, 
502, 48, 55, 
48, 49, 55, 
55, 54, 502, 
286, 513, 508, 
50, 49, 48, 
504, 285, 53, 
285, 284, 53, 
504, 506, 285, 
53, 52, 504, 
285, 506, 509, 
508, 54, 286, 
286, 54, 55, 
55, 287, 286, 
570, 557, 365, 
365, 557, 558, 
560, 369, 367, 
565, 375, 373, 
364, 371, 560, 
371, 369, 560, 
564, 373, 364, 
373, 372, 364, 
562, 564, 364, 
566, 377, 375, 
373, 564, 565, 
569, 381, 379, 
377, 566, 571, 
375, 565, 566, 
569, 570, 365, 
576, 567, 379, 
379, 567, 569, 
580, 575, 514, 
387, 574, 577, 
383, 381, 569, 
569, 365, 383, 
365, 366, 383, 
371, 370, 369, 
368, 366, 365, 
365, 367, 368, 
367, 369, 370, 
571, 573, 385, 
370, 368, 367, 
574, 387, 385, 
373, 374, 372, 
376, 374, 373, 
373, 375, 376, 
375, 377, 378, 
378, 376, 375, 
571, 385, 378, 
385, 384, 378, 
378, 377, 571, 
385, 573, 574, 
575, 576, 379, 
575, 379, 516, 
379, 380, 516, 
516, 514, 575, 
382, 380, 379, 
379, 381, 382, 
577, 578, 390, 
383, 382, 381, 
385, 386, 384, 
388, 386, 385, 
385, 387, 388, 
577, 390, 388, 
390, 389, 388, 
388, 387, 577, 
579, 580, 514, 
390, 578, 581, 
583, 579, 392, 
390, 391, 389, 
579, 514, 393, 
514, 515, 393, 
393, 392, 579, 
396, 587, 583, 
516, 515, 514, 
581, 395, 391, 
395, 394, 391, 
581, 582, 395, 
391, 390, 581, 
591, 586, 402, 
395, 582, 584, 
583, 392, 396, 
588, 400, 395, 
396, 392, 393, 
393, 398, 396, 
399, 394, 395, 
395, 400, 399, 
395, 584, 588, 
396, 397, 403, 
586, 396, 403, 
586, 587, 396, 
403, 402, 586, 
400, 401, 399, 
398, 397, 396, 
588, 405, 401, 
405, 404, 401, 
406, 593, 591, 
405, 590, 592, 
588, 590, 405, 
401, 400, 588, 
591, 402, 406, 
406, 402, 403, 
594, 409, 405, 
403, 407, 406, 
408, 404, 405, 
405, 409, 408, 
405, 592, 594, 
410, 596, 593, 
593, 406, 410, 
601, 419, 597, 
410, 406, 407, 
597, 414, 409, 
407, 412, 410, 
413, 408, 409, 
409, 414, 413, 
409, 594, 597, 
600, 596, 416, 
596, 410, 416, 
410, 411, 416, 
414, 415, 413, 
412, 411, 410, 
419, 415, 597, 
415, 414, 597, 
600, 416, 604, 
416, 417, 604, 
417, 420, 604, 
418, 423, 422, 
421, 420, 417, 
423, 418, 419, 
605, 423, 419, 
601, 605, 419, 
424, 607, 604, 
604, 420, 424, 
424, 420, 421, 
421, 425, 424, 
608, 427, 423, 
423, 605, 608, 
428, 609, 607, 
426, 422, 423, 
423, 427, 426, 
607, 424, 428, 
612, 433, 427, 
428, 424, 425, 
425, 429, 428, 
432, 426, 427, 
427, 433, 432, 
427, 608, 612, 
609, 428, 610, 
430, 434, 614, 
428, 430, 614, 
428, 429, 430, 
614, 610, 428, 
431, 437, 436, 
435, 434, 430, 
432, 611, 437, 
611, 615, 437, 
438, 617, 614, 
611, 433, 612, 
432, 433, 611, 
437, 431, 432, 
614, 434, 438, 
438, 434, 435, 
620, 443, 437, 
435, 439, 438, 
442, 436, 437, 
437, 443, 442, 
437, 615, 620, 
617, 438, 618, 
440, 444, 621, 
438, 440, 621, 
438, 439, 440, 
621, 618, 438, 
441, 451, 450, 
445, 444, 440, 
442, 619, 451, 
619, 624, 451, 
621, 444, 622, 
619, 443, 620, 
442, 443, 619, 
451, 441, 442, 
454, 453, 447, 
446, 452, 625, 
444, 446, 625, 
444, 445, 446, 
625, 622, 444, 
453, 452, 446, 
623, 451, 624, 
446, 447, 453, 
448, 462, 461, 
450, 451, 623, 
463, 462, 448, 
448, 449, 463, 
450, 623, 463, 
623, 630, 463, 
463, 449, 450, 
453, 627, 626, 
453, 454, 455, 
625, 452, 626, 
626, 452, 453, 
632, 464, 633, 
629, 463, 630, 
632, 627, 453, 
453, 455, 632, 
455, 464, 632, 
467, 466, 457, 
465, 464, 455, 
455, 456, 465, 
456, 457, 466, 
461, 462, 628, 
466, 465, 456, 
463, 629, 628, 
458, 470, 469, 
471, 470, 458, 
458, 459, 471, 
459, 460, 472, 
472, 471, 459, 
461, 628, 472, 
628, 640, 472, 
472, 460, 461, 
628, 462, 463, 
633, 464, 465, 
465, 634, 633, 
466, 635, 634, 
636, 635, 468, 
634, 465, 466, 
636, 468, 637, 
635, 466, 468, 
466, 467, 468, 
471, 638, 637, 
468, 469, 637, 
469, 470, 637, 
472, 639, 638, 
637, 470, 471, 
653, 645, 559, 
639, 472, 640, 
638, 471, 472, 
559, 645, 646, 
646, 561, 559, 
647, 563, 561, 
662, 648, 568, 
563, 647, 654, 
561, 646, 647, 
650, 557, 648, 
652, 558, 557, 
557, 570, 648, 
570, 568, 648, 
652, 560, 558, 
652, 557, 650, 
564, 654, 656, 
652, 559, 560, 
652, 653, 559, 
659, 572, 566, 
562, 560, 559, 
559, 561, 562, 
564, 656, 565, 
564, 562, 561, 
561, 563, 564, 
564, 563, 654, 
658, 566, 565, 
658, 565, 656, 
567, 576, 668, 
572, 659, 663, 
572, 571, 566, 
658, 659, 566, 
661, 569, 567, 
668, 661, 567, 
570, 569, 568, 
661, 568, 569, 
661, 662, 568, 
577, 574, 665, 
573, 665, 574, 
573, 663, 665, 
573, 572, 663, 
572, 573, 571, 
575, 580, 674, 
665, 669, 577, 
671, 675, 581, 
674, 667, 575, 
579, 583, 680, 
668, 576, 575, 
577, 669, 671, 
575, 667, 668, 
581, 578, 671, 
671, 578, 577, 
581, 675, 677, 
680, 673, 579, 
681, 588, 584, 
684, 679, 585, 
674, 580, 579, 
579, 673, 674, 
677, 681, 584, 
584, 582, 677, 
677, 582, 581, 
587, 680, 583, 
687, 684, 591, 
688, 592, 685, 
587, 679, 680, 
587, 585, 679, 
681, 589, 588, 
681, 683, 589, 
592, 688, 693, 
589, 683, 685, 
684, 585, 591, 
585, 586, 591, 
587, 586, 585, 
592, 590, 685, 
589, 590, 588, 
590, 589, 685, 
591, 593, 692, 
591, 692, 687, 
693, 597, 594, 
696, 691, 595, 
592, 693, 594, 
596, 692, 593, 
598, 695, 697, 
596, 691, 692, 
596, 595, 691, 
693, 598, 597, 
693, 695, 598, 
696, 595, 599, 
599, 698, 696, 
599, 595, 596, 
596, 600, 599, 
601, 597, 598, 
598, 602, 601, 
598, 697, 699, 
699, 602, 598, 
603, 700, 698, 
698, 599, 603, 
608, 706, 710, 
603, 599, 600, 
703, 606, 602, 
600, 604, 603, 
605, 601, 602, 
602, 606, 605, 
602, 699, 703, 
705, 604, 607, 
700, 603, 701, 
605, 706, 608, 
705, 603, 604, 
705, 701, 603, 
702, 606, 703, 
605, 702, 706, 
605, 606, 702, 
607, 609, 709, 
607, 709, 705, 
609, 610, 712, 
608, 710, 612, 
710, 715, 612, 
709, 609, 712, 
610, 613, 712, 
611, 616, 615, 
614, 613, 610, 
715, 616, 612, 
616, 611, 612, 
717, 614, 617, 
712, 613, 713, 
615, 720, 620, 
717, 613, 614, 
717, 713, 613, 
714, 616, 715, 
615, 714, 720, 
615, 616, 714, 
718, 717, 617, 
617, 618, 718, 
724, 723, 621, 
621, 723, 718, 
720, 719, 619, 
718, 618, 621, 
619, 719, 726, 
726, 624, 619, 
619, 620, 720, 
621, 622, 724, 
730, 729, 625, 
625, 729, 724, 
726, 725, 623, 
724, 622, 625, 
623, 725, 732, 
732, 630, 623, 
623, 624, 726, 
627, 730, 626, 
625, 626, 730, 
732, 731, 629, 
632, 631, 627, 
627, 735, 730, 
627, 631, 735, 
737, 736, 633, 
735, 631, 736, 
731, 641, 628, 
731, 742, 641, 
628, 641, 640, 
731, 628, 629, 
629, 630, 732, 
633, 634, 738, 
736, 631, 633, 
631, 632, 633, 
635, 738, 634, 
633, 738, 737, 
638, 639, 740, 
638, 740, 739, 
635, 746, 738, 
635, 642, 746, 
643, 642, 635, 
635, 636, 643, 
739, 637, 638, 
644, 643, 636, 
636, 637, 644, 
739, 644, 637, 
739, 750, 644, 
740, 639, 741, 
746, 642, 747, 
741, 641, 742, 
639, 640, 741, 
640, 641, 741, 
644, 749, 748, 
643, 748, 747, 
747, 642, 643, 
754, 651, 649, 
749, 644, 750, 
748, 643, 644, 
762, 753, 649, 
649, 753, 754, 
755, 645, 754, 
757, 647, 646, 
645, 653, 754, 
653, 651, 754, 
756, 646, 645, 
756, 645, 755, 
758, 655, 647, 
757, 646, 756, 
759, 657, 655, 
655, 654, 647, 
757, 758, 647, 
767, 760, 660, 
657, 759, 763, 
655, 758, 759, 
761, 648, 760, 
761, 650, 648, 
648, 662, 760, 
662, 660, 760, 
761, 649, 650, 
761, 762, 649, 
653, 652, 651, 
652, 650, 649, 
649, 651, 652, 
658, 764, 659, 
765, 664, 659, 
655, 656, 654, 
658, 656, 655, 
655, 657, 658, 
664, 663, 659, 
658, 763, 764, 
658, 657, 763, 
764, 765, 659, 
766, 767, 660, 
664, 765, 768, 
771, 766, 666, 
664, 665, 663, 
766, 660, 668, 
660, 661, 668, 
668, 666, 766, 
662, 661, 660, 
768, 670, 665, 
670, 669, 665, 
768, 769, 670, 
665, 664, 768, 
770, 771, 666, 
670, 769, 772, 
775, 770, 672, 
670, 671, 669, 
770, 666, 674, 
666, 667, 674, 
674, 672, 770, 
668, 667, 666, 
772, 676, 671, 
676, 675, 671, 
772, 773, 676, 
671, 670, 772, 
774, 775, 672, 
676, 773, 776, 
778, 774, 678, 
781, 778, 684, 
676, 677, 675, 
774, 672, 680, 
672, 673, 680, 
680, 678, 774, 
782, 685, 779, 
674, 673, 672, 
776, 682, 677, 
682, 681, 677, 
776, 777, 682, 
677, 676, 776, 
687, 781, 684, 
682, 777, 779, 
778, 678, 684, 
678, 679, 684, 
784, 780, 686, 
680, 679, 678, 
685, 683, 779, 
682, 683, 681, 
683, 682, 779, 
782, 688, 685, 
690, 786, 784, 
687, 780, 781, 
687, 686, 780, 
782, 689, 688, 
782, 783, 689, 
789, 697, 787, 
689, 783, 785, 
784, 686, 690, 
787, 694, 689, 
690, 686, 687, 
687, 692, 690, 
693, 688, 689, 
689, 694, 693, 
689, 785, 787, 
788, 786, 696, 
786, 690, 696, 
690, 691, 696, 
694, 695, 693, 
692, 691, 690, 
697, 695, 787, 
695, 694, 787, 
699, 791, 793, 
696, 698, 790, 
696, 790, 788, 
697, 791, 699, 
698, 700, 792, 
697, 789, 791, 
699, 793, 703, 
698, 792, 790, 
792, 700, 794, 
793, 795, 703, 
702, 707, 706, 
700, 701, 794, 
701, 704, 794, 
705, 704, 701, 
708, 796, 794, 
795, 707, 703, 
707, 702, 703, 
794, 704, 708, 
801, 805, 715, 
708, 704, 705, 
799, 711, 707, 
705, 709, 708, 
710, 706, 707, 
707, 711, 710, 
707, 795, 799, 
800, 709, 712, 
796, 708, 797, 
710, 801, 715, 
800, 708, 709, 
800, 797, 708, 
798, 711, 799, 
710, 798, 801, 
710, 711, 798, 
800, 712, 802, 
712, 713, 802, 
713, 716, 802, 
714, 721, 720, 
717, 716, 713, 
805, 721, 715, 
721, 714, 715, 
720, 721, 804, 
802, 716, 803, 
718, 722, 806, 
716, 718, 806, 
716, 717, 718, 
806, 803, 716, 
719, 727, 726, 
723, 722, 718, 
720, 804, 727, 
804, 809, 727, 
804, 721, 805, 
727, 719, 720, 
810, 807, 722, 
806, 722, 807, 
722, 723, 724, 
722, 724, 810, 
724, 728, 810, 
729, 728, 724, 
726, 727, 808, 
808, 813, 733, 
725, 733, 732, 
808, 727, 809, 
726, 808, 733, 
733, 725, 726, 
814, 811, 728, 
810, 728, 811, 
728, 729, 730, 
728, 730, 814, 
730, 734, 814, 
737, 816, 736, 
735, 734, 730, 
732, 733, 812, 
812, 819, 743, 
731, 743, 742, 
812, 733, 813, 
732, 812, 743, 
743, 731, 732, 
816, 815, 736, 
746, 745, 738, 
814, 734, 815, 
815, 734, 736, 
734, 735, 736, 
737, 820, 816, 
737, 744, 820, 
745, 744, 737, 
820, 744, 821, 
818, 743, 819, 
737, 738, 745, 
817, 740, 741, 
739, 751, 750, 
741, 742, 818, 
752, 751, 739, 
739, 740, 752, 
817, 741, 818, 
817, 752, 740, 
817, 828, 752, 
742, 743, 818, 
823, 822, 747, 
745, 822, 821, 
821, 744, 745, 
747, 748, 824, 
822, 745, 747, 
745, 746, 747, 
748, 749, 825, 
747, 824, 823, 
749, 750, 826, 
748, 825, 824, 
752, 827, 826, 
825, 749, 826, 
750, 751, 826, 
753, 762, 839, 
827, 752, 828, 
826, 751, 752, 
839, 829, 753, 
830, 754, 753, 
831, 755, 754, 
830, 753, 829, 
832, 756, 755, 
831, 754, 830, 
833, 757, 756, 
832, 755, 831, 
834, 758, 757, 
833, 756, 832, 
835, 759, 758, 
834, 757, 833, 
763, 759, 835, 
835, 758, 834, 
838, 761, 760, 
835, 840, 763, 
760, 767, 845, 
845, 836, 760, 
768, 765, 843, 
838, 760, 836, 
843, 765, 764, 
839, 762, 761, 
761, 838, 839, 
842, 764, 763, 
763, 840, 842, 
843, 764, 842, 
766, 771, 850, 
843, 846, 768, 
850, 844, 766, 
770, 775, 855, 
845, 767, 766, 
772, 769, 847, 
766, 844, 845, 
847, 769, 768, 
768, 846, 847, 
847, 851, 772, 
855, 849, 770, 
774, 778, 858, 
850, 771, 770, 
776, 773, 853, 
770, 849, 850, 
853, 773, 772, 
772, 851, 853, 
853, 856, 776, 
858, 854, 774, 
779, 859, 863, 
855, 775, 774, 
779, 777, 857, 
774, 854, 855, 
857, 777, 776, 
776, 856, 857, 
857, 859, 779, 
778, 781, 862, 
778, 862, 858, 
780, 784, 866, 
779, 863, 782, 
866, 861, 780, 
785, 867, 869, 
862, 781, 780, 
785, 783, 865, 
780, 861, 862, 
865, 783, 782, 
782, 863, 865, 
865, 867, 785, 
784, 786, 868, 
784, 868, 866, 
786, 788, 870, 
785, 869, 787, 
787, 869, 871, 
786, 870, 868, 
788, 790, 872, 
787, 871, 789, 
789, 871, 873, 
788, 872, 870, 
790, 792, 874, 
789, 873, 791, 
791, 873, 875, 
790, 874, 872, 
792, 794, 876, 
791, 875, 793, 
793, 875, 877, 
792, 876, 874, 
794, 796, 878, 
793, 877, 795, 
795, 877, 881, 
794, 878, 876, 
879, 878, 796, 
795, 881, 799, 
796, 797, 879, 
800, 802, 886, 
800, 883, 879, 
881, 880, 798, 
879, 797, 800, 
798, 880, 884, 
884, 801, 798, 
798, 799, 881, 
801, 884, 889, 
800, 886, 883, 
887, 886, 802, 
801, 889, 805, 
866, 868, 955, 
802, 803, 887, 
866, 955, 953, 
806, 890, 887, 
887, 803, 806, 
893, 809, 804, 
869, 956, 958, 
867, 954, 956, 
867, 956, 869, 
868, 870, 957, 
868, 957, 955, 
871, 958, 961, 
869, 958, 871, 
870, 872, 960, 
870, 960, 957, 
873, 961, 964, 
871, 961, 873, 
872, 874, 963, 
872, 963, 960, 
875, 964, 518, 
873, 964, 875, 
874, 876, 517, 
874, 517, 963, 
877, 518, 520, 
875, 518, 877, 
876, 878, 519, 
876, 519, 517, 
524, 885, 881, 
877, 520, 881, 
519, 878, 521, 
878, 879, 521, 
879, 882, 521, 
880, 885, 884, 
883, 882, 879, 
885, 880, 881, 
520, 524, 881, 
525, 883, 886, 
521, 882, 522, 
884, 528, 889, 
525, 882, 883, 
525, 522, 882, 
523, 885, 524, 
884, 523, 528, 
884, 885, 523, 
526, 525, 886, 
886, 887, 526, 
530, 890, 533, 
890, 530, 526, 
888, 889, 528, 
526, 887, 890, 
531, 893, 888, 
528, 527, 888, 
888, 527, 531, 
538, 899, 893, 
890, 891, 533, 
891, 894, 533, 
892, 899, 898, 
895, 894, 891, 
899, 892, 893, 
536, 897, 537, 
531, 538, 893, 
535, 534, 896, 
533, 894, 534, 
534, 894, 896, 
894, 895, 896, 
541, 540, 900, 
537, 899, 538, 
900, 540, 535, 
543, 905, 897, 
535, 896, 900, 
897, 898, 537, 
897, 536, 543, 
898, 899, 537, 
902, 541, 901, 
900, 901, 541, 
543, 542, 904, 
907, 906, 902, 
902, 545, 541, 
902, 906, 545, 
545, 906, 546, 
542, 916, 903, 
542, 555, 916, 
903, 916, 915, 
542, 903, 904, 
904, 905, 543, 
906, 907, 908, 
908, 909, 548, 
546, 906, 908, 
547, 546, 908, 
909, 910, 549, 
909, 549, 548, 
908, 548, 547, 
910, 911, 550, 
911, 912, 551, 
910, 550, 549, 
912, 913, 552, 
911, 551, 550, 
913, 914, 553, 
912, 552, 551, 
914, 915, 554, 
913, 553, 552, 
1024, 1023, 521, 
554, 916, 555, 
553, 914, 554, 
915, 916, 554, 
523, 524, 1026, 
521, 522, 1024, 
1027, 525, 1029, 
525, 1027, 1024, 
1028, 528, 523, 
1024, 522, 525, 
1026, 1025, 523, 
523, 1025, 1028, 
1034, 532, 528, 
525, 526, 1029, 
526, 529, 1029, 
527, 532, 531, 
530, 529, 526, 
532, 527, 528, 
535, 1036, 534, 
1028, 1034, 528, 
1035, 530, 533, 
1029, 529, 1031, 
531, 1038, 538, 
1035, 529, 530, 
1035, 1031, 529, 
1033, 532, 1034, 
531, 1033, 1038, 
531, 532, 1033, 
1036, 1035, 533, 
533, 534, 1036, 
1038, 1037, 537, 
540, 539, 535, 
535, 1039, 1036, 
535, 539, 1039, 
1039, 539, 1041, 
1037, 544, 536, 
1037, 1046, 544, 
536, 544, 543, 
1037, 536, 537, 
537, 538, 1038, 
539, 540, 541, 
1041, 539, 541, 
1042, 1041, 541, 
1048, 1047, 545, 
1045, 544, 1046, 
1043, 542, 1045, 
545, 1047, 1042, 
1042, 541, 545, 
542, 1043, 1056, 
1056, 555, 542, 
542, 543, 1045, 
543, 544, 1045, 
546, 547, 1049, 
545, 546, 1048, 
547, 548, 1050, 
546, 1049, 1048, 
548, 549, 1051, 
547, 1050, 1049, 
550, 1051, 549, 
548, 1051, 1050, 
550, 1057, 1051, 
550, 556, 1057, 
552, 553, 1054, 
1052, 556, 550, 
1052, 1060, 556, 
1052, 550, 551, 
551, 552, 1053, 
551, 1053, 1052, 
553, 554, 1055, 
552, 1054, 1053, 
1056, 1055, 554, 
553, 1055, 1054, 
554, 555, 1056, 
1057, 556, 1059, 
966, 979, 1071, 
1059, 556, 1060, 
1260, 1261, 1254, 
1255, 1254, 1261, 
1261, 187, 1255, 
1261, 192, 187, 
187, 1256, 1255, 
190, 1257, 189, 
188, 1256, 187, 
1257, 193, 1259, 
1259, 1258, 1257, 
1265, 195, 1260, 
1259, 1262, 1263, 
193, 1262, 1259, 
1262, 194, 198, 
195, 191, 1260, 
191, 1261, 1260, 
194, 1262, 193, 
192, 1261, 191, 
1263, 1262, 198, 
1268, 1269, 1264, 
1266, 1263, 198, 
1265, 199, 195, 
1265, 1269, 199, 
1265, 1264, 1269, 
1835, 1824, 1834, 
1825, 1836, 1837, 
1833, 1834, 1822, 
1824, 1823, 1834, 
1823, 1822, 1834, 
1824, 1835, 1836, 
1824, 1836, 1825, 
1826, 1837, 1838, 
1825, 1837, 1826, 
1827, 1838, 1839, 
1826, 1838, 1827, 
1828, 1839, 1840, 
1827, 1839, 1828, 
1829, 1840, 1841, 
1828, 1840, 1829, 
1841, 1842, 1830, 
1829, 1841, 1830, 
1844, 1845, 1834, 
1832, 1842, 1843, 
1842, 1832, 1830, 
1832, 1831, 1830, 
1834, 1845, 1846, 
1834, 1833, 1844, 
1835, 1846, 1847, 
1834, 1846, 1835, 
1836, 1847, 1848, 
1835, 1847, 1836, 
1848, 1838, 1837, 
1838, 1849, 1839, 
1836, 1848, 1837, 
1840, 1850, 1851, 
1848, 1897, 1838, 
1848, 1898, 1897, 
1838, 1901, 1849, 
1838, 1897, 1901, 
1839, 1849, 1850, 
1839, 1850, 1840, 
1841, 1851, 1852, 
1840, 1851, 1841, 
1852, 1853, 1843, 
1841, 1852, 1842, 
1845, 1855, 1857, 
1843, 1842, 1852, 
1854, 1855, 1845, 
1845, 1844, 1854, 
1846, 1857, 1858, 
1845, 1857, 1846, 
1847, 1858, 1859, 
1846, 1858, 1847, 
1860, 1848, 1859, 
1849, 1860, 1861, 
1847, 1859, 1848, 
1850, 1862, 1863, 
1860, 1898, 1848, 
1860, 1900, 1898, 
1849, 1900, 1860, 
1849, 1901, 1900, 
1849, 1861, 1862, 
1849, 1862, 1850, 
1851, 1863, 1864, 
1850, 1863, 1851, 
1864, 1866, 1853, 
1851, 1864, 1852, 
1857, 1868, 1869, 
1853, 1852, 1864, 
1854, 1856, 1855, 
1857, 1855, 1868, 
1855, 1856, 1868, 
1856, 1867, 1868, 
1858, 1869, 1870, 
1857, 1869, 1858, 
1859, 1870, 1871, 
1858, 1870, 1859, 
1860, 1871, 1872, 
1859, 1871, 1860, 
1861, 1872, 1873, 
1860, 1872, 1861, 
1862, 1873, 1874, 
1861, 1873, 1862, 
1874, 1875, 1864, 
1862, 1874, 1863, 
1876, 1877, 1868, 
1864, 1865, 1866, 
1875, 1865, 1864, 
1863, 1874, 1864, 
1868, 1877, 1879, 
1868, 1867, 1876, 
1869, 1879, 1881, 
1868, 1879, 1869, 
1870, 1881, 1882, 
1869, 1881, 1870, 
1871, 1882, 1883, 
1870, 1882, 1871, 
1872, 1883, 1884, 
1871, 1883, 1872, 
1873, 1884, 1886, 
1872, 1884, 1873, 
1886, 1888, 1875, 
1873, 1886, 1874, 
1881, 1879, 1890, 
1875, 1874, 1886, 
1880, 1879, 1877, 
1876, 1878, 1877, 
1877, 1878, 1880, 
1881, 1890, 1892, 
1879, 1880, 1890, 
1880, 1889, 1890, 
1882, 1892, 1894, 
1881, 1892, 1882, 
1896, 1885, 1884, 
1882, 1894, 1883, 
1887, 1886, 1884, 
1894, 1896, 1884, 
1883, 1894, 1884, 
1893, 1892, 1890, 
1886, 1887, 1888, 
1884, 1885, 1887, 
1892, 1893, 1895, 
1889, 1891, 1890, 
1890, 1891, 1893, 
1895, 1894, 1892, 
1894, 1895, 1896, 
1001, 997, 947, 
952, 1002, 1004, 
998, 948, 947, 
947, 997, 998, 
1000, 950, 949, 
949, 999, 1000, 
1000, 1002, 952, 
952, 950, 1000, 
951, 953, 1003, 
951, 1003, 1001, 
953, 955, 1005, 
952, 1004, 954, 
954, 1004, 1006, 
953, 1005, 1003, 
955, 957, 1008, 
954, 1006, 956, 
956, 1006, 1009, 
955, 1008, 1005, 
1011, 1007, 959, 
956, 1009, 958, 
964, 1018, 1020, 
960, 1008, 957, 
960, 1007, 1008, 
960, 959, 1007, 
962, 1010, 1016, 
1009, 961, 958, 
1009, 962, 961, 
1009, 1010, 962, 
1011, 959, 1013, 
1017, 960, 963, 
961, 1018, 964, 
1017, 959, 960, 
1017, 1013, 959, 
1015, 962, 1016, 
961, 1015, 1018, 
961, 962, 1015, 
963, 517, 1019, 
963, 1019, 1017, 
517, 519, 1021, 
964, 1020, 518, 
518, 1020, 1022, 
517, 1021, 1019, 
519, 521, 1023, 
518, 1022, 520, 
520, 1022, 1026, 
519, 1023, 1021, 
520, 1026, 524, 
1004, 1099, 1101, 
1006, 1101, 1103, 
1004, 1101, 1006, 
1005, 1008, 1102, 
1005, 1102, 1100, 
1008, 1104, 1102, 
1011, 1012, 1007, 
1006, 1103, 1009, 
1105, 1009, 1103, 
1008, 1012, 1104, 
1008, 1007, 1012, 
1018, 1105, 1107, 
1010, 1014, 1016, 
1105, 1010, 1009, 
1105, 1014, 1010, 
1011, 1013, 1012, 
1104, 1017, 1106, 
1104, 1013, 1017, 
1104, 1012, 1013, 
1018, 1107, 1109, 
1014, 1015, 1016, 
1018, 1014, 1105, 
1018, 1015, 1014, 
1017, 1019, 1108, 
1017, 1108, 1106, 
1020, 1109, 1111, 
1018, 1109, 1020, 
1019, 1021, 1110, 
1019, 1110, 1108, 
1022, 1111, 1117, 
1020, 1111, 1022, 
1021, 1023, 1112, 
1021, 1112, 1110, 
1025, 1026, 1117, 
1022, 1117, 1026, 
1114, 1112, 1023, 
1023, 1024, 1114, 
1029, 1030, 1118, 
1027, 1118, 1114, 
1121, 1028, 1025, 
1114, 1024, 1027, 
1117, 1116, 1025, 
1025, 1116, 1121, 
1120, 1032, 1034, 
1030, 1119, 1118, 
1027, 1029, 1118, 
1032, 1120, 1123, 
1122, 1119, 1030, 
1121, 1120, 1034, 
1029, 1031, 1030, 
1028, 1121, 1034, 
1038, 1123, 1131, 
1122, 1035, 1124, 
1122, 1031, 1035, 
1122, 1030, 1031, 
1036, 1127, 1126, 
1032, 1033, 1034, 
1038, 1032, 1123, 
1038, 1033, 1032, 
1126, 1124, 1035, 
1035, 1036, 1126, 
1132, 1127, 1040, 
1036, 1040, 1127, 
1036, 1039, 1040, 
1131, 1130, 1037, 
1128, 1037, 1130, 
1128, 1046, 1037, 
1128, 1044, 1046, 
1044, 1128, 1135, 
1042, 1133, 1041, 
1039, 1041, 1040, 
1037, 1038, 1131, 
1133, 1132, 1041, 
1132, 1040, 1041, 
1048, 1049, 1139, 
1047, 1136, 1133, 
1044, 1045, 1046, 
1133, 1042, 1047, 
1148, 1056, 1043, 
1045, 1044, 1134, 
1043, 1134, 1148, 
1044, 1135, 1134, 
1043, 1045, 1134, 
1138, 1136, 1047, 
1047, 1048, 1138, 
1049, 1050, 1140, 
1048, 1139, 1138, 
1050, 1051, 1141, 
1049, 1140, 1139, 
1051, 1142, 1141, 
1050, 1141, 1140, 
1142, 1052, 1143, 
1051, 1058, 1142, 
1051, 1057, 1058, 
1053, 1054, 1145, 
1142, 1060, 1052, 
1142, 1058, 1060, 
1052, 1053, 1144, 
1052, 1144, 1143, 
1054, 1055, 1147, 
1053, 1145, 1144, 
1148, 1147, 1055, 
1054, 1147, 1145, 
1055, 1056, 1148, 
1277, 208, 212, 
1057, 1059, 1058, 
1058, 1059, 1060, 
1277, 212, 1279, 
1278, 1280, 213, 
1278, 213, 209, 
1279, 212, 218, 
1279, 218, 1281, 
218, 217, 1285, 
1282, 1283, 213, 
1283, 215, 213, 
1280, 1282, 213, 
1284, 217, 1422, 
1421, 215, 1283, 
217, 1284, 1285, 
1281, 218, 1285, 
1286, 1287, 1283, 
1283, 1282, 1286, 
1293, 1424, 1430, 
1423, 1421, 1283, 
1283, 1287, 1423, 
1289, 1291, 1285, 
1285, 1284, 1289, 
1423, 1292, 1425, 
1289, 1284, 1422, 
1422, 1424, 1289, 
1286, 1288, 1287, 
1423, 1288, 1292, 
1423, 1287, 1288, 
1429, 1297, 1299, 
1289, 1290, 1291, 
1293, 1289, 1424, 
1293, 1290, 1289, 
1294, 1295, 1425, 
1295, 1427, 1425, 
1292, 1294, 1425, 
1297, 1429, 1434, 
1431, 1427, 1295, 
1430, 1429, 1299, 
1294, 1296, 1295, 
1293, 1430, 1299, 
1296, 1300, 1301, 
1303, 1433, 1438, 
1296, 1301, 1431, 
1301, 1432, 1431, 
1431, 1295, 1296, 
1435, 1432, 1301, 
1433, 1305, 1297, 
1305, 1298, 1297, 
1433, 1303, 1305, 
1297, 1434, 1433, 
1302, 1306, 1307, 
1297, 1298, 1299, 
1300, 1302, 1301, 
1309, 1437, 1442, 
1302, 1307, 1435, 
1307, 1436, 1435, 
1435, 1301, 1302, 
1439, 1436, 1307, 
1437, 1311, 1303, 
1311, 1304, 1303, 
1437, 1309, 1311, 
1303, 1438, 1437, 
1308, 1312, 1313, 
1303, 1304, 1305, 
1306, 1308, 1307, 
1315, 1445, 1314, 
1317, 1441, 1452, 
1308, 1313, 1439, 
1313, 1440, 1439, 
1439, 1307, 1308, 
1443, 1440, 1313, 
1441, 1319, 1309, 
1319, 1310, 1309, 
1441, 1317, 1319, 
1309, 1442, 1441, 
1309, 1310, 1311, 
1312, 1314, 1313, 
1315, 1446, 1445, 
1445, 1443, 1314, 
1443, 1313, 1314, 
1324, 1323, 1321, 
1315, 1321, 1446, 
1315, 1320, 1321, 
1453, 1447, 1323, 
1447, 1446, 1321, 
1321, 1323, 1447, 
1449, 1316, 1451, 
1318, 1317, 1451, 
1328, 1448, 1460, 
1449, 1448, 1328, 
1328, 1330, 1449, 
1317, 1452, 1451, 
1449, 1332, 1316, 
1449, 1330, 1332, 
1316, 1318, 1451, 
1321, 1322, 1324, 
1317, 1318, 1319, 
1320, 1322, 1321, 
1325, 1455, 1324, 
1325, 1326, 1457, 
1455, 1453, 1324, 
1453, 1323, 1324, 
1326, 1327, 1459, 
1325, 1457, 1455, 
1329, 1328, 1459, 
1326, 1459, 1457, 
1331, 1330, 1328, 
1328, 1460, 1459, 
1327, 1329, 1459, 
169, 170, 163, 
1330, 1331, 1332, 
1328, 1329, 1331, 
163, 170, 171, 
171, 164, 163, 
172, 165, 164, 
178, 179, 166, 
165, 172, 173, 
164, 171, 172, 
179, 1470, 1461, 
1462, 168, 167, 
166, 179, 1461, 
167, 166, 1461, 
1463, 169, 168, 
1462, 167, 1461, 
175, 1467, 176, 
1463, 168, 1462, 
1463, 170, 169, 
171, 170, 1463, 
1463, 1464, 171, 
174, 172, 1465, 
172, 171, 1464, 
1464, 1465, 172, 
174, 173, 172, 
174, 1465, 1466, 
1467, 175, 174, 
1467, 174, 1466, 
177, 184, 1481, 
176, 180, 181, 
1467, 1477, 176, 
1477, 180, 176, 
1469, 177, 1468, 
1481, 1468, 177, 
1470, 179, 1469, 
1469, 178, 177, 
1469, 179, 178, 
183, 188, 1489, 
1479, 1486, 185, 
182, 180, 1478, 
182, 181, 180, 
1478, 180, 1477, 
185, 182, 1479, 
182, 1478, 1479, 
1487, 1492, 189, 
1489, 1480, 183, 
187, 192, 1494, 
1481, 184, 183, 
185, 1486, 1487, 
183, 1480, 1481, 
189, 186, 1487, 
1487, 186, 185, 
189, 1492, 1493, 
1494, 1488, 187, 
192, 1499, 1494, 
195, 196, 191, 
1489, 188, 187, 
187, 1488, 1489, 
1493, 1497, 193, 
193, 190, 1493, 
1493, 190, 189, 
1502, 193, 1497, 
192, 196, 1499, 
192, 191, 196, 
197, 1503, 1507, 
194, 197, 198, 
1502, 194, 193, 
1502, 197, 194, 
199, 1504, 195, 
1504, 1498, 195, 
1498, 196, 195, 
1503, 197, 1502, 
1499, 196, 1498, 
198, 197, 1507, 
200, 198, 1507, 
200, 1507, 1511, 
199, 202, 1508, 
199, 1508, 1504, 
202, 1512, 1508, 
205, 206, 201, 
200, 1511, 203, 
1515, 203, 1511, 
202, 206, 1512, 
202, 201, 206, 
208, 207, 211, 
204, 207, 208, 
1515, 204, 203, 
1515, 207, 204, 
209, 210, 206, 
206, 205, 209, 
212, 211, 216, 
1516, 1512, 206, 
1515, 1517, 211, 
206, 210, 1516, 
211, 212, 208, 
211, 207, 1515, 
213, 214, 210, 
210, 209, 213, 
1422, 1521, 1525, 
1518, 1516, 210, 
1517, 1521, 216, 
210, 214, 1518, 
216, 218, 212, 
216, 211, 1517, 
1518, 1421, 1522, 
213, 215, 214, 
1518, 215, 1421, 
1518, 214, 215, 
1422, 1525, 1531, 
216, 217, 218, 
1422, 216, 1521, 
1422, 217, 216, 
970, 971, 965, 
1062, 967, 966, 
965, 971, 972, 
1071, 1061, 966, 
1063, 968, 967, 
1062, 966, 1061, 
1064, 969, 968, 
1063, 967, 1062, 
1067, 974, 973, 
1064, 968, 1063, 
973, 1065, 1066, 
1065, 969, 1064, 
1065, 970, 969, 
1065, 971, 970, 
1068, 975, 974, 
1068, 974, 1067, 
973, 971, 1065, 
973, 972, 971, 
1067, 973, 1066, 
1069, 976, 975, 
980, 976, 1069, 
1069, 975, 1068, 
1075, 1079, 982, 
1069, 1074, 980, 
978, 977, 1070, 
984, 985, 977, 
977, 985, 1070, 
985, 1078, 1070, 
983, 990, 1082, 
982, 986, 987, 
1071, 979, 978, 
978, 1070, 1071, 
980, 1074, 1075, 
981, 1075, 982, 
1075, 981, 980, 
1079, 986, 982, 
1077, 983, 1076, 
1082, 1076, 983, 
991, 988, 1081, 
1078, 985, 1077, 
1077, 984, 983, 
1077, 985, 984, 
990, 1087, 1082, 
993, 994, 989, 
988, 987, 986, 
1080, 986, 1079, 
988, 986, 1080, 
988, 1080, 1081, 
1081, 1085, 991, 
999, 996, 1092, 
1088, 991, 1085, 
990, 994, 1087, 
990, 989, 994, 
992, 995, 996, 
1088, 992, 991, 
1088, 995, 992, 
998, 1091, 993, 
1091, 1086, 993, 
1086, 994, 993, 
1089, 995, 1088, 
1087, 994, 1086, 
996, 995, 1092, 
995, 1089, 1092, 
997, 1001, 1094, 
1094, 1090, 997, 
1002, 1097, 1099, 
1091, 998, 997, 
1002, 1000, 1093, 
997, 1090, 1091, 
1093, 1000, 999, 
999, 1092, 1093, 
1093, 1097, 1002, 
1001, 1003, 1098, 
1001, 1098, 1094, 
1003, 1005, 1100, 
1002, 1099, 1004, 
1003, 1100, 1098, 
1072, 1158, 1149, 
1071, 1072, 1061, 
1150, 1063, 1062, 
1061, 1072, 1149, 
1062, 1061, 1149, 
1151, 1064, 1063, 
1151, 1063, 1150, 
1150, 1062, 1149, 
1152, 1065, 1064, 
1153, 1066, 1065, 
1152, 1064, 1151, 
1154, 1067, 1066, 
1153, 1065, 1152, 
1155, 1068, 1067, 
1154, 1066, 1153, 
1155, 1159, 1069, 
1155, 1067, 1154, 
1070, 1078, 1163, 
1069, 1073, 1074, 
1068, 1155, 1069, 
1159, 1073, 1069, 
1157, 1070, 1156, 
1163, 1156, 1070, 
1158, 1072, 1157, 
1157, 1071, 1070, 
1157, 1072, 1071, 
1083, 1167, 1162, 
1161, 1164, 1079, 
1075, 1073, 1160, 
1075, 1074, 1073, 
1160, 1073, 1159, 
1079, 1075, 1161, 
1075, 1160, 1161, 
1082, 1083, 1076, 
1076, 1083, 1162, 
1077, 1076, 1162, 
1087, 1171, 1082, 
1081, 1084, 1085, 
1080, 1165, 1081, 
1163, 1078, 1077, 
1077, 1162, 1163, 
1165, 1080, 1079, 
1079, 1164, 1165, 
1165, 1168, 1081, 
1168, 1084, 1081, 
1084, 1169, 1172, 
1171, 1166, 1082, 
1166, 1083, 1082, 
1169, 1084, 1168, 
1167, 1083, 1166, 
1085, 1084, 1172, 
1086, 1091, 1174, 
1088, 1085, 1172, 
1174, 1170, 1086, 
1091, 1177, 1174, 
1094, 1095, 1090, 
1171, 1087, 1086, 
1173, 1175, 1092, 
1086, 1170, 1171, 
1088, 1172, 1173, 
1092, 1089, 1173, 
1173, 1089, 1088, 
1178, 1092, 1175, 
1091, 1095, 1177, 
1091, 1090, 1095, 
1096, 1179, 1181, 
1093, 1096, 1097, 
1178, 1093, 1092, 
1178, 1096, 1093, 
1098, 1180, 1094, 
1180, 1176, 1094, 
1176, 1095, 1094, 
1179, 1096, 1178, 
1177, 1095, 1176, 
1097, 1096, 1181, 
1099, 1097, 1181, 
1101, 1183, 1185, 
1098, 1100, 1182, 
1098, 1182, 1180, 
1099, 1181, 1183, 
1099, 1183, 1101, 
1100, 1102, 1184, 
1100, 1184, 1182, 
1103, 1185, 1187, 
1101, 1185, 1103, 
1102, 1104, 1186, 
1102, 1186, 1184, 
1105, 1187, 1189, 
1103, 1187, 1105, 
1104, 1106, 1188, 
1104, 1188, 1186, 
1107, 1189, 1191, 
1105, 1189, 1107, 
1106, 1108, 1190, 
1106, 1190, 1188, 
1109, 1191, 1195, 
1107, 1191, 1109, 
1108, 1110, 1192, 
1108, 1192, 1190, 
1194, 1115, 1117, 
1109, 1195, 1111, 
1112, 1113, 1192, 
1113, 1193, 1192, 
1110, 1112, 1192, 
1115, 1194, 1197, 
1196, 1193, 1113, 
1195, 1194, 1117, 
1112, 1114, 1113, 
1111, 1195, 1117, 
1121, 1197, 1201, 
1196, 1118, 1198, 
1196, 1114, 1118, 
1196, 1113, 1114, 
1115, 1116, 1117, 
1121, 1115, 1197, 
1121, 1116, 1115, 
1199, 1198, 1118, 
1118, 1119, 1199, 
1124, 1125, 1202, 
1122, 1202, 1199, 
1120, 1121, 1201, 
1199, 1119, 1122, 
1205, 1123, 1120, 
1201, 1200, 1120, 
1120, 1200, 1205, 
1204, 1129, 1131, 
1125, 1203, 1202, 
1122, 1124, 1202, 
1129, 1204, 1209, 
1206, 1203, 1125, 
1205, 1204, 1131, 
1124, 1126, 1125, 
1123, 1205, 1131, 
1127, 1207, 1126, 
1129, 1130, 1131, 
1207, 1206, 1126, 
1206, 1125, 1126, 
1133, 1212, 1211, 
1132, 1210, 1207, 
1215, 1135, 1128, 
1207, 1127, 1132, 
1130, 1129, 1208, 
1128, 1208, 1215, 
1129, 1209, 1208, 
1128, 1130, 1208, 
1211, 1210, 1132, 
1132, 1133, 1211, 
1216, 1212, 1137, 
1133, 1137, 1212, 
1133, 1136, 1137, 
1215, 1214, 1134, 
1213, 1134, 1214, 
1213, 1148, 1134, 
1213, 1146, 1148, 
1146, 1213, 1224, 
1139, 1217, 1138, 
1136, 1138, 1137, 
1134, 1135, 1215, 
1139, 1140, 1218, 
1217, 1216, 1138, 
1216, 1137, 1138, 
1140, 1141, 1219, 
1139, 1218, 1217, 
1141, 1142, 1220, 
1140, 1219, 1218, 
1142, 1143, 1221, 
1141, 1220, 1219, 
1143, 1144, 1222, 
1142, 1221, 1220, 
1144, 1145, 1223, 
1143, 1222, 1221, 
1146, 1224, 1223, 
1144, 1223, 1222, 
1146, 1147, 1148, 
1147, 1146, 1223, 
1145, 1147, 1223, 
1226, 1150, 1149, 
1234, 1225, 1149, 
1149, 1158, 1234, 
1227, 1151, 1150, 
1226, 1149, 1225, 
1228, 1152, 1151, 
1227, 1150, 1226, 
1229, 1153, 1152, 
1228, 1151, 1227, 
1230, 1154, 1153, 
1229, 1152, 1228, 
1231, 1155, 1154, 
1230, 1153, 1229, 
1159, 1155, 1231, 
1231, 1154, 1230, 
1233, 1157, 1156, 
1231, 1239, 1159, 
1156, 1163, 1243, 
1243, 1232, 1156, 
1164, 1161, 1241, 
1233, 1156, 1232, 
1241, 1161, 1160, 
1234, 1158, 1157, 
1157, 1233, 1234, 
1240, 1160, 1159, 
1159, 1239, 1240, 
1241, 1160, 1240, 
1162, 1167, 1249, 
1241, 1246, 1164, 
1249, 1242, 1162, 
1166, 1171, 1255, 
1243, 1163, 1162, 
1168, 1165, 1247, 
1162, 1242, 1243, 
1247, 1165, 1164, 
1164, 1246, 1247, 
1247, 1252, 1168, 
1255, 1248, 1166, 
1170, 1174, 1260, 
1249, 1167, 1166, 
1172, 1169, 1253, 
1166, 1248, 1249, 
1253, 1169, 1168, 
1168, 1252, 1253, 
1253, 1258, 1172, 
1260, 1254, 1170, 
1175, 1263, 1266, 
1255, 1171, 1170, 
1175, 1173, 1259, 
1170, 1254, 1255, 
1259, 1173, 1172, 
1172, 1258, 1259, 
1259, 1263, 1175, 
1174, 1177, 1265, 
1174, 1265, 1260, 
1176, 1180, 1268, 
1175, 1266, 1178, 
1268, 1264, 1176, 
1181, 1271, 1275, 
1265, 1177, 1176, 
1181, 1179, 1267, 
1176, 1264, 1265, 
1267, 1179, 1178, 
1178, 1266, 1267, 
1267, 1271, 1181, 
1180, 1182, 1272, 
1180, 1272, 1268, 
1182, 1184, 1276, 
1181, 1275, 1183, 
1183, 1275, 1277, 
1182, 1276, 1272, 
1184, 1186, 1278, 
1183, 1277, 1185, 
1185, 1277, 1279, 
1184, 1278, 1276, 
1186, 1188, 1280, 
1185, 1279, 1187, 
1187, 1279, 1281, 
1186, 1280, 1278, 
1188, 1190, 1282, 
1187, 1281, 1189, 
1189, 1281, 1285, 
1188, 1282, 1280, 
1190, 1192, 1286, 
1189, 1285, 1191, 
1191, 1285, 1291, 
1190, 1286, 1282, 
1288, 1286, 1192, 
1191, 1291, 1195, 
1192, 1193, 1288, 
1196, 1198, 1294, 
1196, 1292, 1288, 
1291, 1290, 1194, 
1288, 1193, 1196, 
1194, 1290, 1293, 
1293, 1197, 1194, 
1194, 1195, 1291, 
1197, 1293, 1299, 
1196, 1294, 1292, 
1296, 1294, 1198, 
1197, 1299, 1201, 
1198, 1199, 1296, 
1302, 1300, 1202, 
1202, 1300, 1296, 
1299, 1298, 1200, 
1296, 1199, 1202, 
1200, 1298, 1305, 
1305, 1205, 1200, 
1200, 1201, 1299, 
1202, 1203, 1302, 
1308, 1306, 1206, 
1206, 1306, 1302, 
1305, 1304, 1204, 
1302, 1203, 1206, 
1204, 1304, 1311, 
1311, 1209, 1204, 
1204, 1205, 1305, 
1206, 1207, 1308, 
1314, 1312, 1210, 
1210, 1312, 1308, 
1311, 1310, 1208, 
1308, 1207, 1210, 
1208, 1310, 1319, 
1319, 1215, 1208, 
1208, 1209, 1311, 
1211, 1212, 1315, 
1210, 1211, 1314, 
1319, 1318, 1214, 
1211, 1315, 1314, 
1213, 1214, 1318, 
1216, 1320, 1315, 
1315, 1212, 1216, 
1213, 1316, 1332, 
1332, 1224, 1213, 
1213, 1318, 1316, 
1217, 1218, 1324, 
1214, 1215, 1319, 
1322, 1320, 1216, 
1216, 1217, 1322, 
1218, 1219, 1325, 
1217, 1324, 1322, 
1219, 1220, 1326, 
1218, 1325, 1324, 
1220, 1221, 1327, 
1219, 1326, 1325, 
1221, 1222, 1329, 
1220, 1327, 1326, 
1222, 1223, 1331, 
1221, 1329, 1327, 
1332, 1331, 1223, 
1222, 1331, 1329, 
1236, 1226, 1225, 
1234, 1235, 1225, 
1223, 1224, 1332, 
1227, 1226, 163, 
1225, 1235, 1236, 
164, 1228, 1227, 
1226, 1236, 163, 
1236, 169, 163, 
165, 1229, 1228, 
164, 1227, 163, 
165, 173, 1230, 
165, 1228, 164, 
1238, 1231, 1230, 
1229, 165, 1230, 
173, 1237, 1230, 
1233, 1232, 166, 
1231, 1238, 1239, 
1230, 1237, 1238, 
176, 181, 1241, 
169, 1236, 168, 
167, 1233, 166, 
1243, 1244, 1232, 
1232, 1244, 166, 
1244, 178, 166, 
167, 1234, 1233, 
167, 1235, 1234, 
1240, 175, 176, 
1236, 1235, 167, 
1249, 1250, 1242, 
1241, 1245, 1246, 
167, 168, 1236, 
174, 1237, 173, 
1238, 1237, 174, 
174, 175, 1238, 
1240, 176, 1241, 
1240, 1238, 175, 
1240, 1239, 1238, 
181, 1245, 1241, 
177, 1244, 1243, 
1250, 177, 1243, 
1250, 184, 177, 
1243, 1242, 1250, 
182, 1245, 181, 
178, 1244, 177, 
1245, 185, 1247, 
185, 1251, 1247, 
1255, 1256, 1248, 
1247, 1251, 1252, 
1245, 182, 185, 
1247, 1246, 1245, 
183, 1250, 1249, 
1256, 183, 1249, 
1256, 188, 183, 
1249, 1248, 1256, 
186, 1251, 185, 
184, 1250, 183, 
1251, 189, 1253, 
189, 1257, 1253, 
200, 1266, 198, 
1253, 1257, 1258, 
1251, 186, 189, 
1253, 1252, 1251, 
1271, 1270, 1274, 
1267, 1270, 1271, 
200, 1267, 1266, 
200, 1270, 1267, 
1272, 1273, 1269, 
1269, 1268, 1272, 
1274, 204, 208, 
202, 199, 1269, 
200, 203, 1274, 
1269, 1273, 202, 
1274, 1275, 1271, 
1274, 1270, 200, 
1276, 205, 1272, 
205, 201, 1272, 
201, 1273, 1272, 
204, 1274, 203, 
202, 1273, 201, 
1275, 1274, 208, 
1277, 1275, 208, 
1590, 1336, 1589, 
1276, 1278, 209, 
1276, 209, 205, 
1337, 1338, 1333, 
1333, 1338, 1339, 
1421, 1423, 1526, 
1421, 1526, 1522, 
1426, 1528, 1526, 
1422, 1531, 1424, 
1531, 1530, 1430, 
1425, 1426, 1526, 
1423, 1425, 1526, 
1428, 1530, 1535, 
1532, 1528, 1426, 
1530, 1428, 1430, 
1424, 1531, 1430, 
1532, 1431, 1536, 
1425, 1427, 1426, 
1434, 1535, 1541, 
1532, 1427, 1431, 
1532, 1426, 1427, 
1428, 1429, 1430, 
1434, 1428, 1535, 
1434, 1429, 1428, 
1538, 1536, 1431, 
1431, 1432, 1538, 
1544, 1542, 1435, 
1435, 1542, 1538, 
1541, 1540, 1433, 
1538, 1432, 1435, 
1433, 1540, 1547, 
1547, 1438, 1433, 
1433, 1434, 1541, 
1435, 1436, 1544, 
1550, 1548, 1439, 
1439, 1548, 1544, 
1547, 1546, 1437, 
1544, 1436, 1439, 
1437, 1546, 1557, 
1557, 1442, 1437, 
1437, 1438, 1547, 
1440, 1552, 1550, 
1439, 1440, 1550, 
1557, 1556, 1441, 
1558, 1552, 1444, 
1440, 1444, 1552, 
1440, 1443, 1444, 
1443, 1445, 1444, 
1554, 1441, 1556, 
1554, 1450, 1452, 
1450, 1554, 1572, 
1554, 1452, 1441, 
1441, 1442, 1557, 
1446, 1447, 1562, 
1446, 1560, 1445, 
1560, 1558, 1445, 
1558, 1444, 1445, 
1447, 1564, 1562, 
1446, 1562, 1560, 
1448, 1449, 1571, 
1448, 1571, 1569, 
1447, 1454, 1564, 
1447, 1453, 1454, 
1565, 1564, 1454, 
1454, 1456, 1565, 
1567, 1448, 1569, 
1567, 1565, 1456, 
1456, 1458, 1567, 
1567, 1460, 1448, 
1567, 1458, 1460, 
1451, 1450, 1571, 
1453, 1455, 1454, 
1450, 1451, 1452, 
1450, 1572, 1571, 
1449, 1451, 1571, 
1459, 1458, 1456, 
1457, 1456, 1454, 
1454, 1455, 1457, 
1472, 1462, 1461, 
1458, 1459, 1460, 
1456, 1457, 1459, 
1462, 1472, 1473, 
1470, 1471, 1461, 
1461, 1471, 1472, 
1473, 1463, 1462, 
1475, 1466, 1465, 
1463, 1473, 1333, 
1464, 1463, 1333, 
1473, 1337, 1333, 
1464, 1333, 1465, 
1333, 1339, 1465, 
1339, 1474, 1465, 
1476, 1467, 1466, 
1465, 1474, 1475, 
1483, 1469, 1468, 
1467, 1476, 1477, 
1466, 1475, 1476, 
1483, 1345, 1334, 
1481, 1482, 1468, 
1468, 1482, 1483, 
1489, 1490, 1480, 
1479, 1485, 1486, 
1470, 1469, 1483, 
1483, 1334, 1470, 
1334, 1471, 1470, 
1472, 1471, 1334, 
1334, 1335, 1472, 
1335, 1336, 1473, 
1485, 1479, 1478, 
1473, 1472, 1335, 
1337, 1473, 1336, 
1340, 1474, 1339, 
1476, 1342, 1350, 
1475, 1474, 1340, 
1340, 1341, 1475, 
1341, 1342, 1476, 
1476, 1475, 1341, 
1476, 1350, 1478, 
1350, 1484, 1478, 
1478, 1477, 1476, 
1478, 1484, 1485, 
1490, 1354, 1343, 
1490, 1343, 1481, 
1343, 1482, 1481, 
1481, 1480, 1490, 
1483, 1482, 1343, 
1343, 1344, 1483, 
1345, 1483, 1344, 
1485, 1352, 1359, 
1351, 1484, 1350, 
1485, 1484, 1351, 
1351, 1352, 1485, 
1485, 1359, 1487, 
1359, 1491, 1487, 
1487, 1486, 1485, 
1495, 1361, 1353, 
1487, 1491, 1492, 
1494, 1495, 1488, 
1360, 1491, 1359, 
1495, 1353, 1489, 
1353, 1490, 1489, 
1489, 1488, 1495, 
1499, 1500, 1495, 
1354, 1490, 1353, 
1491, 1364, 1493, 
1364, 1496, 1493, 
1491, 1360, 1364, 
1493, 1492, 1491, 
1504, 1505, 1498, 
1493, 1496, 1497, 
1495, 1494, 1499, 
1501, 1502, 1497, 
1366, 1361, 1495, 
1495, 1500, 1366, 
1501, 1496, 1364, 
1364, 1369, 1501, 
1497, 1496, 1501, 
1365, 1500, 1499, 
1505, 1365, 1499, 
1505, 1371, 1365, 
1499, 1498, 1505, 
1370, 1501, 1369, 
1366, 1500, 1365, 
1501, 1374, 1503, 
1374, 1506, 1503, 
1508, 1509, 1505, 
1503, 1506, 1507, 
1501, 1370, 1374, 
1503, 1502, 1501, 
1505, 1504, 1508, 
1375, 1371, 1505, 
1510, 1511, 1507, 
1505, 1509, 1375, 
1510, 1506, 1374, 
1374, 1378, 1510, 
1507, 1506, 1510, 
1512, 1513, 1509, 
1509, 1508, 1512, 
1517, 1515, 1388, 
1380, 1375, 1509, 
1514, 1515, 1511, 
1509, 1513, 1380, 
1514, 1510, 1378, 
1378, 1381, 1514, 
1511, 1510, 1514, 
1516, 1383, 1512, 
1383, 1379, 1512, 
1379, 1513, 1512, 
1382, 1514, 1381, 
1380, 1513, 1379, 
1515, 1514, 1388, 
1514, 1382, 1388, 
1518, 1519, 1383, 
1519, 1385, 1383, 
1516, 1518, 1383, 
1520, 1387, 1390, 
1389, 1385, 1519, 
1387, 1520, 1521, 
1388, 1387, 1521, 
1517, 1388, 1521, 
1522, 1523, 1519, 
1519, 1518, 1522, 
1391, 1389, 1519, 
1519, 1523, 1391, 
1524, 1525, 1521, 
1521, 1520, 1524, 
1526, 1527, 1523, 
1524, 1520, 1390, 
1390, 1394, 1524, 
1523, 1522, 1526, 
1529, 1531, 1525, 
1395, 1391, 1523, 
1523, 1527, 1395, 
1529, 1524, 1394, 
1394, 1400, 1529, 
1525, 1524, 1529, 
1526, 1528, 1527, 
1533, 1397, 1395, 
1528, 1533, 1395, 
1528, 1532, 1533, 
1395, 1527, 1528, 
1534, 1399, 1404, 
1401, 1397, 1533, 
1399, 1535, 1529, 
1535, 1530, 1529, 
1536, 1537, 1533, 
1529, 1530, 1531, 
1399, 1534, 1535, 
1529, 1400, 1399, 
1533, 1532, 1536, 
1405, 1401, 1533, 
1539, 1541, 1535, 
1533, 1537, 1405, 
1539, 1534, 1404, 
1404, 1410, 1539, 
1535, 1534, 1539, 
1536, 1538, 1537, 
1543, 1407, 1405, 
1538, 1543, 1405, 
1538, 1542, 1543, 
1405, 1537, 1538, 
1545, 1409, 1420, 
1411, 1407, 1543, 
1409, 1547, 1539, 
1547, 1540, 1539, 
1542, 1544, 1543, 
1539, 1540, 1541, 
1409, 1545, 1547, 
1539, 1410, 1409, 
1573, 1415, 1551, 
1549, 1413, 1411, 
1544, 1549, 1411, 
1544, 1548, 1549, 
1411, 1543, 1544, 
1415, 1413, 1549, 
1549, 1551, 1415, 
1419, 1555, 1557, 
1553, 1417, 1584, 
1545, 1546, 1547, 
1419, 1417, 1553, 
1553, 1555, 1419, 
1419, 1557, 1545, 
1557, 1546, 1545, 
1545, 1420, 1419, 
1552, 1551, 1549, 
1552, 1558, 1559, 
1548, 1550, 1549, 
1549, 1550, 1552, 
1558, 1560, 1559, 
1555, 1556, 1557, 
1573, 1551, 1552, 
1552, 1559, 1573, 
1559, 1575, 1573, 
1577, 1575, 1559, 
1559, 1561, 1577, 
1561, 1563, 1578, 
1585, 1578, 1563, 
1578, 1577, 1561, 
1556, 1555, 1553, 
1566, 1579, 1588, 
1581, 1579, 1566, 
1566, 1568, 1581, 
1568, 1570, 1583, 
1583, 1581, 1568, 
1583, 1570, 1572, 
1583, 1572, 1553, 
1572, 1554, 1553, 
1553, 1584, 1583, 
1553, 1554, 1556, 
1559, 1560, 1562, 
1562, 1561, 1559, 
1564, 1563, 1561, 
1565, 1587, 1564, 
1561, 1562, 1564, 
1567, 1566, 1587, 
1587, 1585, 1564, 
1585, 1563, 1564, 
1569, 1568, 1566, 
1566, 1588, 1587, 
1565, 1567, 1587, 
1571, 1570, 1568, 
1566, 1567, 1569, 
1898, 1899, 1897, 
1570, 1571, 1572, 
1568, 1569, 1571, 
1897, 1899, 1901, 
1898, 1900, 1899, 
1899, 1900, 1901, 
1347, 1335, 1334, 
1345, 1346, 1334, 
1334, 1346, 1347, 
1349, 1342, 1341, 
1335, 1347, 1589, 
1336, 1335, 1589, 
1347, 1594, 1589, 
1340, 1590, 1591, 
1590, 1337, 1336, 
1590, 1338, 1337, 
1340, 1338, 1590, 
1340, 1339, 1338, 
1340, 1591, 1341, 
1591, 1598, 1341, 
1598, 1348, 1341, 
1354, 1355, 1343, 
1342, 1349, 1350, 
1341, 1348, 1349, 
1343, 1355, 1356, 
1356, 1344, 1343, 
1594, 1347, 1593, 
1356, 1603, 1592, 
1356, 1592, 1345, 
1592, 1346, 1345, 
1345, 1344, 1356, 
1361, 1362, 1353, 
1352, 1358, 1359, 
1347, 1346, 1592, 
1358, 1352, 1351, 
1592, 1593, 1347, 
1349, 1600, 1610, 
1599, 1348, 1598, 
1349, 1348, 1599, 
1599, 1600, 1349, 
1349, 1610, 1351, 
1610, 1357, 1351, 
1351, 1350, 1349, 
1351, 1357, 1358, 
1362, 1613, 1601, 
1362, 1601, 1354, 
1601, 1355, 1354, 
1354, 1353, 1362, 
1366, 1367, 1362, 
1356, 1355, 1601, 
1601, 1602, 1356, 
1603, 1356, 1602, 
1358, 1612, 1618, 
1611, 1357, 1610, 
1358, 1357, 1611, 
1611, 1612, 1358, 
1358, 1618, 1360, 
1618, 1363, 1360, 
1360, 1359, 1358, 
1371, 1372, 1365, 
1360, 1363, 1364, 
1362, 1361, 1366, 
1368, 1369, 1364, 
1620, 1613, 1362, 
1362, 1367, 1620, 
1368, 1363, 1618, 
1618, 1623, 1368, 
1364, 1363, 1368, 
1619, 1367, 1366, 
1372, 1619, 1366, 
1372, 1625, 1619, 
1366, 1365, 1372, 
1624, 1368, 1623, 
1620, 1367, 1619, 
1368, 1628, 1370, 
1628, 1373, 1370, 
1375, 1376, 1372, 
1370, 1373, 1374, 
1368, 1624, 1628, 
1370, 1369, 1368, 
1372, 1371, 1375, 
1381, 1378, 1640, 
1630, 1625, 1372, 
1377, 1378, 1374, 
1372, 1376, 1630, 
1377, 1373, 1628, 
1628, 1633, 1377, 
1374, 1373, 1377, 
1380, 1635, 1375, 
1635, 1629, 1375, 
1629, 1376, 1375, 
1634, 1377, 1633, 
1630, 1376, 1629, 
1378, 1377, 1640, 
1377, 1634, 1640, 
1380, 1641, 1635, 
1383, 1384, 1379, 
1652, 1651, 1394, 
1644, 1381, 1640, 
1380, 1384, 1641, 
1380, 1379, 1384, 
1382, 1386, 1388, 
1644, 1382, 1381, 
1644, 1386, 1382, 
1383, 1385, 1384, 
1641, 1389, 1645, 
1390, 1644, 1652, 
1641, 1385, 1389, 
1641, 1384, 1385, 
1386, 1387, 1388, 
1390, 1386, 1644, 
1390, 1387, 1386, 
1391, 1392, 1645, 
1392, 1647, 1645, 
1389, 1391, 1645, 
1393, 1651, 1656, 
1653, 1647, 1392, 
1651, 1393, 1394, 
1390, 1652, 1394, 
1395, 1396, 1392, 
1392, 1391, 1395, 
1397, 1401, 1402, 
1657, 1653, 1392, 
1392, 1396, 1657, 
1398, 1400, 1394, 
1394, 1393, 1398, 
1398, 1393, 1656, 
1656, 1662, 1398, 
1395, 1397, 1396, 
1405, 1406, 1402, 
1403, 1661, 1666, 
1397, 1402, 1657, 
1402, 1659, 1657, 
1657, 1396, 1397, 
1663, 1659, 1402, 
1661, 1404, 1398, 
1404, 1399, 1398, 
1661, 1403, 1404, 
1398, 1662, 1661, 
1677, 1671, 1414, 
1398, 1399, 1400, 
1402, 1401, 1405, 
1408, 1410, 1404, 
1667, 1663, 1402, 
1402, 1406, 1667, 
1408, 1403, 1666, 
1666, 1676, 1408, 
1404, 1403, 1408, 
1405, 1407, 1406, 
1412, 1669, 1667, 
1407, 1412, 1667, 
1407, 1411, 1412, 
1667, 1406, 1407, 
1671, 1669, 1412, 
1412, 1414, 1671, 
1675, 1418, 1420, 
1416, 1673, 1688, 
1408, 1409, 1410, 
1675, 1673, 1416, 
1416, 1418, 1675, 
1675, 1420, 1408, 
1420, 1409, 1408, 
1408, 1676, 1675, 
1415, 1414, 1412, 
1415, 1573, 1574, 
1411, 1413, 1412, 
1412, 1413, 1415, 
1573, 1575, 1574, 
1418, 1419, 1420, 
1677, 1414, 1415, 
1415, 1574, 1677, 
1574, 1679, 1677, 
1419, 1418, 1416, 
1689, 1681, 1576, 
1681, 1679, 1574, 
1574, 1576, 1681, 
1580, 1685, 1696, 
1687, 1582, 1584, 
1687, 1685, 1580, 
1580, 1582, 1687, 
1687, 1584, 1416, 
1584, 1417, 1416, 
1416, 1688, 1687, 
1416, 1417, 1419, 
1574, 1575, 1577, 
1577, 1576, 1574, 
1578, 1691, 1577, 
1578, 1693, 1691, 
1691, 1689, 1577, 
1689, 1576, 1577, 
1693, 1588, 1579, 
1578, 1586, 1693, 
1578, 1585, 1586, 
1583, 1582, 1580, 
1693, 1579, 1695, 
1693, 1586, 1588, 
1581, 1580, 1695, 
1580, 1696, 1695, 
1579, 1581, 1695, 
1585, 1587, 1586, 
1582, 1583, 1584, 
1580, 1581, 1583, 
1596, 1590, 1589, 
1589, 1595, 1596, 
1586, 1587, 1588, 
1594, 1595, 1589, 
1597, 1591, 1590, 
1603, 1604, 1592, 
1591, 1597, 1598, 
1590, 1596, 1597, 
1592, 1604, 1605, 
1605, 1593, 1592, 
1606, 1595, 1605, 
1606, 1596, 1595, 
1595, 1594, 1605, 
1594, 1593, 1605, 
1596, 1703, 1607, 
1606, 1697, 1596, 
1606, 1701, 1697, 
1609, 1600, 1599, 
1596, 1607, 1597, 
1596, 1697, 1703, 
1607, 1608, 1597, 
1608, 1599, 1597, 
1599, 1598, 1597, 
1613, 1614, 1601, 
1600, 1609, 1610, 
1599, 1608, 1609, 
1601, 1614, 1615, 
1615, 1602, 1601, 
1615, 1708, 1698, 
1615, 1698, 1603, 
1698, 1604, 1603, 
1603, 1602, 1615, 
1620, 1621, 1614, 
1612, 1617, 1618, 
1605, 1604, 1698, 
1701, 1606, 1700, 
1698, 1699, 1605, 
1617, 1612, 1611, 
1606, 1605, 1699, 
1699, 1700, 1606, 
1704, 1607, 1703, 
1609, 1706, 1716, 
1608, 1607, 1704, 
1704, 1705, 1608, 
1705, 1706, 1609, 
1609, 1608, 1705, 
1609, 1716, 1611, 
1716, 1616, 1611, 
1611, 1610, 1609, 
1611, 1616, 1617, 
1621, 1615, 1614, 
1614, 1613, 1620, 
1708, 1615, 1707, 
1621, 1719, 1707, 
1621, 1707, 1615, 
1625, 1626, 1619, 
1616, 1726, 1622, 
1616, 1717, 1726, 
1717, 1616, 1716, 
1616, 1622, 1617, 
1618, 1617, 1622, 
1622, 1623, 1618, 
1718, 1621, 1620, 
1626, 1718, 1620, 
1626, 1728, 1718, 
1620, 1619, 1626, 
1727, 1622, 1726, 
1719, 1621, 1718, 
1622, 1733, 1624, 
1733, 1627, 1624, 
1630, 1631, 1626, 
1624, 1627, 1628, 
1622, 1727, 1733, 
1624, 1623, 1622, 
1626, 1625, 1630, 
1637, 1631, 1636, 
1635, 1636, 1629, 
1734, 1728, 1626, 
1632, 1633, 1628, 
1626, 1631, 1734, 
1632, 1627, 1733, 
1733, 1739, 1632, 
1628, 1627, 1632, 
1631, 1630, 1636, 
1630, 1629, 1636, 
1641, 1642, 1636, 
1634, 1639, 1640, 
1741, 1734, 1631, 
1739, 1744, 1638, 
1631, 1637, 1741, 
1639, 1634, 1632, 
1638, 1639, 1632, 
1638, 1632, 1739, 
1634, 1633, 1632, 
1642, 1637, 1636, 
1636, 1635, 1641, 
1643, 1644, 1640, 
1741, 1637, 1740, 
1642, 1740, 1637, 
1642, 1746, 1740, 
1648, 1642, 1646, 
1638, 1753, 1643, 
1638, 1745, 1753, 
1745, 1638, 1744, 
1638, 1643, 1639, 
1640, 1639, 1643, 
1645, 1646, 1642, 
1642, 1641, 1645, 
1650, 1652, 1644, 
1754, 1748, 1648, 
1648, 1746, 1642, 
1648, 1748, 1746, 
1655, 1656, 1650, 
1643, 1752, 1649, 
1643, 1753, 1752, 
1649, 1752, 1757, 
1643, 1649, 1650, 
1644, 1643, 1650, 
1645, 1647, 1646, 
1648, 1646, 1654, 
1646, 1647, 1654, 
1647, 1653, 1654, 
1654, 1653, 1657, 
1758, 1754, 1648, 
1757, 1763, 1655, 
1648, 1654, 1758, 
1650, 1651, 1652, 
1655, 1649, 1757, 
1656, 1651, 1650, 
1649, 1655, 1650, 
1657, 1658, 1654, 
1764, 1758, 1654, 
1660, 1662, 1656, 
1654, 1658, 1764, 
1660, 1655, 1763, 
1763, 1771, 1660, 
1656, 1655, 1660, 
1657, 1659, 1658, 
1664, 1766, 1764, 
1659, 1664, 1764, 
1659, 1663, 1664, 
1764, 1658, 1659, 
1665, 1770, 1781, 
1772, 1766, 1664, 
1770, 1666, 1660, 
1666, 1661, 1660, 
1667, 1668, 1664, 
1660, 1661, 1662, 
1770, 1665, 1666, 
1660, 1771, 1770, 
1670, 1664, 1668, 
1664, 1663, 1667, 
1674, 1676, 1666, 
1782, 1774, 1670, 
1670, 1772, 1664, 
1670, 1774, 1772, 
1678, 1784, 1782, 
1665, 1780, 1672, 
1665, 1781, 1780, 
1672, 1780, 1796, 
1665, 1672, 1674, 
1666, 1665, 1674, 
1671, 1670, 1668, 
1667, 1669, 1668, 
1668, 1669, 1671, 
1671, 1677, 1678, 
1671, 1678, 1782, 
1782, 1670, 1671, 
1786, 1784, 1678, 
1678, 1680, 1786, 
1797, 1788, 1682, 
1683, 1791, 1800, 
1788, 1786, 1680, 
1680, 1682, 1788, 
1675, 1674, 1672, 
1793, 1791, 1683, 
1683, 1684, 1793, 
1795, 1793, 1684, 
1795, 1686, 1688, 
1684, 1686, 1795, 
1688, 1673, 1672, 
1795, 1688, 1672, 
1672, 1796, 1795, 
1681, 1680, 1678, 
1674, 1675, 1676, 
1672, 1673, 1675, 
1692, 1682, 1690, 
1677, 1679, 1678, 
1678, 1679, 1681, 
1682, 1680, 1690, 
1687, 1686, 1684, 
1680, 1681, 1690, 
1681, 1689, 1690, 
1683, 1692, 1694, 
1692, 1797, 1682, 
1692, 1799, 1797, 
1683, 1799, 1692, 
1683, 1800, 1799, 
1694, 1696, 1684, 
1696, 1685, 1684, 
1683, 1694, 1684, 
1689, 1691, 1690, 
1686, 1687, 1688, 
1684, 1685, 1687, 
1690, 1691, 1693, 
1693, 1692, 1690, 
1695, 1694, 1692, 
1701, 1702, 1697, 
1694, 1695, 1696, 
1692, 1693, 1695, 
1710, 1699, 1698, 
1698, 1709, 1710, 
1697, 1702, 1703, 
1708, 1709, 1698, 
1711, 1700, 1699, 
1712, 1702, 1711, 
1699, 1710, 1711, 
1712, 1713, 1702, 
1702, 1701, 1711, 
1701, 1700, 1711, 
1714, 1705, 1704, 
1713, 1704, 1702, 
1704, 1703, 1702, 
1715, 1706, 1705, 
1704, 1713, 1714, 
1719, 1720, 1707, 
1706, 1715, 1716, 
1705, 1714, 1715, 
1708, 1707, 1720, 
1709, 1721, 1722, 
1709, 1708, 1720, 
1721, 1709, 1720, 
1722, 1711, 1710, 
1709, 1722, 1710, 
1724, 1725, 1715, 
1722, 1806, 1801, 
1722, 1801, 1711, 
1712, 1711, 1801, 
1713, 1810, 1723, 
1801, 1802, 1712, 
1713, 1723, 1714, 
1713, 1712, 1802, 
1802, 1803, 1713, 
1713, 1803, 1810, 
1714, 1723, 1724, 
1714, 1724, 1715, 
1728, 1729, 1718, 
1717, 1725, 1726, 
1725, 1717, 1715, 
1717, 1716, 1715, 
1719, 1718, 1729, 
1730, 1721, 1720, 
1720, 1719, 1729, 
1730, 1720, 1729, 
1734, 1735, 1729, 
1730, 1804, 1721, 
1730, 1813, 1804, 
1722, 1721, 1804, 
1724, 1731, 1725, 
1804, 1805, 1722, 
1806, 1722, 1805, 
1731, 1732, 1725, 
1811, 1723, 1810, 
1724, 1723, 1811, 
1811, 1812, 1724, 
1732, 1727, 1725, 
1724, 1821, 1731, 
1724, 1812, 1821, 
1727, 1726, 1725, 
1729, 1735, 1736, 
1727, 1732, 1733, 
1729, 1728, 1734, 
1729, 1736, 1730, 
1738, 1739, 1733, 
1731, 1737, 1738, 
1823, 1813, 1730, 
1730, 1736, 1823, 
1737, 1731, 1821, 
1821, 1831, 1737, 
1731, 1738, 1732, 
1742, 1736, 1735, 
1733, 1732, 1738, 
1741, 1742, 1735, 
1735, 1734, 1741, 
1743, 1744, 1739, 
1823, 1736, 1822, 
1742, 1822, 1736, 
1742, 1833, 1822, 
1749, 1742, 1747, 
1746, 1747, 1740, 
1737, 1843, 1743, 
1737, 1832, 1843, 
1832, 1737, 1831, 
1737, 1743, 1738, 
1739, 1738, 1743, 
1751, 1745, 1743, 
1742, 1741, 1747, 
1741, 1740, 1747, 
1746, 1748, 1747, 
1745, 1751, 1753, 
1844, 1833, 1742, 
1742, 1749, 1844, 
1843, 1853, 1750, 
1750, 1751, 1743, 
1750, 1743, 1843, 
1745, 1744, 1743, 
1751, 1752, 1753, 
1749, 1747, 1755, 
1747, 1748, 1755, 
1748, 1754, 1755, 
1755, 1754, 1758, 
1854, 1844, 1749, 
1756, 1757, 1751, 
1749, 1755, 1854, 
1853, 1866, 1756, 
1756, 1750, 1853, 
1757, 1752, 1751, 
1750, 1756, 1751, 
1758, 1759, 1755, 
1760, 1755, 1759, 
1762, 1763, 1757, 
1867, 1856, 1760, 
1760, 1854, 1755, 
1760, 1856, 1854, 
1759, 1765, 1767, 
1756, 1865, 1761, 
1756, 1866, 1865, 
1761, 1865, 1875, 
1756, 1761, 1762, 
1757, 1756, 1762, 
1764, 1765, 1759, 
1759, 1758, 1764, 
1769, 1771, 1763, 
1759, 1767, 1760, 
1761, 1768, 1769, 
1876, 1867, 1760, 
1760, 1767, 1876, 
1768, 1761, 1875, 
1875, 1888, 1768, 
1761, 1769, 1762, 
1775, 1767, 1773, 
1763, 1762, 1769, 
1764, 1766, 1765, 
1767, 1765, 1773, 
1765, 1766, 1773, 
1766, 1772, 1773, 
1772, 1774, 1773, 
1769, 1770, 1771, 
1775, 1876, 1767, 
1775, 1878, 1876, 
1889, 1880, 1776, 
1779, 1781, 1769, 
1880, 1878, 1775, 
1775, 1776, 1880, 
1768, 1778, 1779, 
1777, 1885, 1896, 
1887, 1885, 1777, 
1777, 1778, 1887, 
1768, 1887, 1778, 
1768, 1888, 1887, 
1781, 1770, 1769, 
1768, 1779, 1769, 
1775, 1783, 1785, 
1775, 1773, 1783, 
1773, 1774, 1783, 
1774, 1782, 1783, 
1787, 1776, 1785, 
1775, 1785, 1776, 
1777, 1792, 1794, 
1777, 1794, 1778, 
1787, 1889, 1776, 
1787, 1891, 1889, 
1893, 1891, 1787, 
1787, 1789, 1893, 
1777, 1790, 1792, 
1895, 1893, 1789, 
1789, 1790, 1895, 
1777, 1895, 1790, 
1777, 1896, 1895, 
1794, 1796, 1779, 
1782, 1784, 1783, 
1779, 1780, 1781, 
1796, 1780, 1779, 
1778, 1794, 1779, 
1788, 1787, 1785, 
1786, 1785, 1783, 
1783, 1784, 1786, 
1789, 1787, 1798, 
1785, 1786, 1788, 
1798, 1800, 1790, 
1787, 1788, 1798, 
1788, 1797, 1798, 
1793, 1792, 1790, 
1800, 1791, 1790, 
1789, 1798, 1790, 
1795, 1794, 1792, 
1790, 1791, 1793, 
1808, 1802, 1801, 
1794, 1795, 1796, 
1792, 1793, 1795, 
1815, 1805, 1804, 
1802, 1808, 1809, 
1797, 1799, 1798, 
1798, 1799, 1800, 
1806, 1807, 1801, 
1801, 1807, 1808, 
1809, 1803, 1802, 
1803, 1809, 1810, 
1813, 1814, 1804, 
1804, 1814, 1815, 
1808, 1817, 1818, 
1807, 1806, 1815, 
1816, 1807, 1815, 
1806, 1805, 1815, 
1807, 1816, 1817, 
1807, 1817, 1808, 
1818, 1819, 1809, 
1808, 1818, 1809, 
1820, 1812, 1811, 
1819, 1811, 1809, 
1811, 1810, 1809, 
1823, 1824, 1814, 
1812, 1820, 1821, 
1811, 1819, 1820, 
1814, 1824, 1825, 
1814, 1813, 1823, 
1815, 1825, 1826, 
1814, 1825, 1815, 
1816, 1826, 1827, 
1815, 1826, 1816, 
1817, 1827, 1828, 
1816, 1827, 1817, 
1818, 1828, 1829, 
1817, 1828, 1818, 
1819, 1829, 1830, 
1818, 1829, 1819, 
1830, 1831, 1821, 
1819, 1830, 1820, 
1821, 1820, 1830, 
